Month,DayOfWeek,SettlementPoint,X1,X2,X3,X4,X5,X6,X7,X8,X9,X10,X11,X12,X13,X14,X15,X16,X17,X18,X19,X20,X21,X22,X23,X24
1,1,LZ_CPS,0.035146760227697,0.03195531983449518,0.03069511003820522,0.03116564291669011,0.03242482981541814,0.035294057476614,0.04388741989433469,0.04805265876648783,0.05169724277962184,0.04945812001657095,0.04529799563222741,0.04233773008802034,0.03961989126598917,0.038260460406192624,0.037075945029485025,0.03709742587828542,0.038400597372176166,0.052856185717281345,0.06351375541496397,0.05042271241746495,0.04640067920398112,0.04365010765996839,0.0390245648849496,0.036264787262879565
1,2,LZ_CPS,0.03180915058759574,0.03038511979338741,0.030256993629384086,0.031130997105263878,0.03370175706730193,0.03815963238773174,0.06352312173907472,0.05807959014270509,0.04914919651167367,0.04792467645855622,0.043708410475961246,0.039936925319834934,0.038201730984475685,0.037288374472509156,0.03650772005897464,0.03568679742246766,0.0374338891873415,0.05392372649456883,0.05821046186736562,0.04779380473389568,0.04477002726341733,0.041730691615881416,0.037115404151104675,0.033571800529527136
1,3,LZ_CPS,0.02438539415044031,0.022979574526783213,0.023129254695481567,0.02432302741348266,0.02769303238814709,0.03354743467267735,0.06187073796725526,0.06127421847141329,0.05190600085405743,0.04485195604098889,0.040990354433834766,0.03744792377464036,0.035855003940110326,0.034580521327222856,0.034108735305296185,0.03479476941183031,0.037709864069862487,0.06483205738326782,0.07583941959313409,0.060718053923014506,0.05401546401586023,0.04388857338657252,0.036408967309557665,0.032849660945068845
1,4,LZ_CPS,0.024152246707968478,0.02284498761066656,0.022939313428973263,0.023857176199419287,0.02811816364562032,0.0437877378854812,0.14398110581300994,0.14447389774839434,0.06721500602838723,0.03763600150437587,0.03463994746777503,0.03144012547752446,0.029606818547358214,0.028128442741205024,0.02670811359247135,0.02639974072493019,0.027469371318420983,0.039177865842081654,0.04300592196836215,0.03609957904080317,0.03431283036710883,0.03141533471758487,0.02766588343989329,0.02492438818218427
1,5,LZ_CPS,0.029849273820655577,0.02822534292993849,0.028355737803361095,0.029605641293997544,0.033508908886582194,0.043598212217656494,0.08334291278127118,0.07364136262642727,0.05381962614417212,0.04613233363930375,0.04209352400724034,0.03870325729825253,0.036387890433991876,0.03526666609475933,0.03387006837152244,0.03382631746004512,0.03505220084241951,0.04973534987861266,0.052878552616905,0.043896747848913516,0.042115828393483684,0.038342097813312284,0.0351577177465707,0.03259442905060522
1,6,LZ_CPS,0.033080048933156844,0.030619884304728534,0.030858182604031205,0.03164061143291566,0.034526239826495685,0.041266126137946745,0.06757541610549186,0.059752092587089835,0.04908173149280861,0.045643289635664094,0.04346676751733693,0.04060911746659001,0.03848565772260149,0.0374523885786616,0.03629755835896407,0.035489080728131554,0.03684747751120099,0.053800423727178366,0.05445550285765006,0.04553909442787184,0.042594615037298035,0.04052904151986077,0.03631878330869953,0.03407086817762582
1,7,LZ_CPS,0.03748035389836416,0.0346389525321811,0.03332262572238373,0.03311387797579539,0.0347027928624484,0.037733688542282054,0.04704120335982537,0.05168432071355248,0.05779373898627634,0.0553860465304807,0.04823694287911782,0.04431329591411752,0.03965801849748235,0.036787230312604814,0.03550231699865326,0.03462881914642438,0.03543442331408327,0.04785795425181665,0.05457334899279211,0.045852557210562625,0.042427472824792735,0.04009983411647516,0.037175338987087025,0.034554845430400355
2,1,LZ_CPS,0.03121023337882285,0.028239637131911008,0.026223100993496402,0.026855978934786466,0.02821795394762698,0.03041337635638482,0.03788729893928573,0.04213720305895523,0.04976697352889759,0.0517496296918684,0.04789273328734691,0.045353090328080124,0.044287903900127254,0.04353305804723953,0.04308855276941695,0.04268605866114469,0.042642692292576626,0.04994450460022307,0.07319294374975438,0.05166154175571453,0.046041531429098025,0.04280531617470684,0.03924114275801973,0.03492754428451591
2,2,LZ_CPS,0.027880368656530527,0.025719972408243034,0.025161909962731963,0.026426532156851472,0.029498270724954253,0.03614951283304113,0.05954622098314795,0.054652995334310533,0.048599335115300964,0.047514346755573436,0.04465816878874103,0.04326301267496335,0.04233849720729265,0.042545674896291394,0.04207862692687226,0.04268099905153335,0.04219958037536285,0.048453232929995496,0.06852791270274672,0.048697534944768583,0.044920434186953316,0.0414666743310436,0.03568845265810172,0.03133173339464835
2,3,LZ_CPS,0.02610378610769901,0.02340066172682965,0.02241129096168324,0.02384395926615683,0.027433678725680546,0.03481123945001386,0.052543141023100995,0.04805072908824345,0.04523616119190078,0.045210157704957,0.04354717280183856,0.04235844197012322,0.041949815746721075,0.042913183024923716,0.04292308911518801,0.04350878670206442,0.043805969409993255,0.05130735626263026,0.08035077465625866,0.05484011570313428,0.04911563379165511,0.0429429012957166,0.03761218647224313,0.033779767801244205
2,4,LZ_CPS,0.028364992794239288,0.025922465283826565,0.02514402384783967,0.026091797614972385,0.029601484277066676,0.03684135509720772,0.06090969226589805,0.05376971533895094,0.04601941108895307,0.04431390559539805,0.0431639076054581,0.04295071941876372,0.0420577654710667,0.04242201271576167,0.04288006276260216,0.04415797366455874,0.04262545515677858,0.04888709675454486,0.06975639290460986,0.0502429736219211,0.045557706387483535,0.04099791562864323,0.035328328080782484,0.031992846622672745
2,5,LZ_CPS,0.02705186732067408,0.025278034092564714,0.024718323539410423,0.02581467631489486,0.028131222378709145,0.03666529066096839,0.07027342042639989,0.05806420280705163,0.0491379729007819,0.04887815064834151,0.04609902384536934,0.043091641979505615,0.04183745325627702,0.041792530717303676,0.040567480938274,0.04074838521684231,0.04071560390461853,0.04749647904424263,0.06601792045068235,0.04777451313680735,0.04331139818367248,0.039956777232771606,0.03560171919770774,0.03097591180612889
2,6,LZ_CPS,0.02887046624569726,0.026998096038861708,0.026252064042108284,0.027727117534060493,0.03033215434357082,0.0355507332133688,0.06620365701482708,0.05500588684857374,0.049602622533325404,0.04819682608341707,0.045357287359617804,0.04420057325390239,0.04197462762189543,0.04215080781656848,0.0419150908664542,0.04141328107059237,0.04197827272937143,0.04918829531688742,0.06304577890479102,0.04508390429891826,0.04189322022159824,0.03946679367841161,0.035296790725874556,0.032295652237306224
2,7,LZ_CPS,0.03326574217169884,0.03025266302262143,0.02944234698640225,0.029875379876157782,0.031540093140966466,0.03518327403980791,0.0405132087996432,0.0446438758258741,0.05188226691421281,0.05671952952402685,0.051887452936844616,0.04506653667036603,0.042918226795141734,0.04361963635609306,0.042713378901185525,0.04206642257786813,0.04198474272141724,0.04793181417443706,0.06411739080829348,0.04545548836775124,0.042467042826174896,0.03885627456878222,0.03552295852219099,0.03207425347204215
3,1,LZ_CPS,0.03312098968642355,0.029663164962063077,0.026746619416271267,0.02613165249707533,0.027200674644682957,0.02818721051546901,0.03367309783261597,0.035890328953579936,0.04040397802125658,0.044213744193389116,0.04522337622168521,0.04413565718466469,0.043567051783107956,0.04415875334217473,0.045429042005227,0.0500460738731867,0.055567155335110856,0.05097871870978265,0.05490946475458682,0.06431729958034366,0.05652069669516828,0.045707295712371795,0.03936245129925615,0.03484550278050664
3,2,LZ_CPS,0.023283783631296063,0.02092446804909333,0.01997096226975751,0.02064142540650942,0.023535795020706313,0.03000252011389411,0.049522118701125786,0.04780129466149606,0.04263882254260686,0.042400916268275544,0.042480845253722824,0.04293502995926444,0.04107221442784012,0.04302530269576961,0.0465431183964553,0.05089031486378221,0.057441670647443606,0.0568031791048706,0.07119603853141306,0.06514024245752482,0.05641951997472365,0.04126216331090308,0.033985804612184575,0.030082449099341397
3,3,LZ_CPS,0.024491080049677427,0.021816876596417765,0.020649682824000558,0.02115375757307128,0.02387315393486832,0.0325675742619433,0.09939398047840169,0.09124100595938026,0.05425756307669844,0.04193032817873447,0.03671489271464241,0.036548026590812105,0.036333360275259574,0.039591595161925314,0.04167481442661931,0.04539801481458305,0.048624962303030615,0.044372483428542615,0.05157640686827917,0.049085582332353855,0.04191729176281023,0.03584058375332319,0.03249109395518775,0.028455888679437137
3,4,LZ_CPS,0.02913287770290461,0.026139424543052178,0.02518886292636309,0.02536020879718258,0.028051766851305438,0.03441298230547909,0.05828717363966166,0.05072245742616063,0.0432362747367852,0.04274875493766783,0.04308328735212494,0.04205725195900346,0.043027191977749506,0.04786975266019563,0.04666319215317505,0.049370048945763925,0.05159040585513318,0.04786771282840016,0.055853654307665784,0.05277044854881265,0.04896106267077216,0.0393656939048806,0.03620905420139055,0.032030458768369956
3,5,LZ_CPS,0.029402588765715238,0.02556393918796669,0.02341625142421234,0.02376735338559113,0.026590839075007703,0.03192974048772854,0.048467718668550944,0.04488432706272403,0.040973305492936395,0.041037853485836114,0.040959613494442514,0.041128807475831176,0.040930273497669915,0.043214881246363065,0.04598555494158895,0.05109071438002141,0.05294109017648008,0.049875060513743345,0.05688536374260998,0.05432300402446956,0.04940659856527416,0.03919530168851681,0.05713573171506951,0.04089408750165037
3,6,LZ_CPS,0.0304353340668474,0.02566405537034383,0.024536973542965742,0.02491335494003162,0.027435625891327867,0.033306144503645746,0.051056909898418275,0.04622582265114807,0.04310959091982458,0.04614951518982513,0.044571806867877754,0.04410261909893263,0.04358393459831856,0.04618045064711821,0.04902238799044301,0.053175988722994644,0.05423088781668886,0.048592385134069126,0.052982126523957965,0.05002366562482922,0.04672285233165698,0.04193198117886779,0.03794336955187928,0.03410221693798781
3,7,LZ_CPS,0.030295924870435167,0.027297796696447534,0.025922986584578873,0.02582478586230254,0.027736693802131555,0.029828970415529336,0.033337141116442,0.03537931532051512,0.041238291066940824,0.04693192886259514,0.04735880139004124,0.04884283475423765,0.048255634516952646,0.049025207524179416,0.05050222655107038,0.056310097839984925,0.058138835780335,0.05341117243646012,0.05097819943965465,0.052048386902829376,0.048412956082232075,0.04097074420114714,0.03763692988468429,0.03431413809827286
4,1,LZ_CPS,0.03327615269359122,0.029791042361915133,0.027225362664305655,0.026197388135939515,0.026259109173874546,0.028316122386433284,0.03184486310699448,0.033829513723353535,0.03852350507389497,0.041397789961179585,0.04204692501532384,0.04339733875910917,0.043072771232037045,0.04543200469931212,0.048182847510726684,0.05200103861608662,0.056626923993734236,0.053213112102431376,0.051049683307226035,0.05672908295307497,0.06874553054552883,0.04765289790914662,0.040161240890826115,0.03502775318395422
4,2,LZ_CPS,0.025069662594402683,0.022296465904141076,0.020441458137238636,0.020577190412865647,0.023046985545843356,0.029460113784455372,0.0457045170459334,0.041563351930725086,0.039287840251095836,0.039573499027252025,0.03848497940506681,0.03961430742384577,0.04135487425247446,0.04674690543718656,0.05383780791487723,0.06717949218386135,0.08074029979977271,0.0662905788493629,0.050087871123535,0.05021561914765454,0.05303051137356627,0.040642501590196764,0.03461173028488697,0.030141436579759567
4,3,LZ_CPS,0.027770534031121792,0.023666813311064617,0.021806552814875715,0.021285003055644583,0.023813125934360375,0.029567093793358798,0.040244929322045035,0.03869720055180761,0.037398302773569765,0.03833191665555222,0.03884749447097535,0.040379298057724805,0.04208428801490597,0.048709164345902944,0.055724207672355267,0.07034253079034694,0.07735956476473527,0.06390875666120566,0.05091977887882727,0.04751776155620893,0.05166527653085803,0.042117133705849914,0.03656322596441916,0.03128004634228395
4,4,LZ_CPS,0.026871855820312464,0.02377298499370526,0.021604285937456925,0.021870778618097608,0.023091948143179063,0.028196150865488583,0.03904066719148367,0.03589482830621949,0.03560383055149691,0.03698734619237096,0.03825037855234233,0.041048041176692814,0.04250915621882623,0.046054223602674735,0.05407963536449766,0.06526211750387231,0.07545622832194358,0.06671812732223865,0.052808434646499,0.05178738989308641,0.061972311308376965,0.04240807278823839,0.03740291140700988,0.031308295273890153
4,5,LZ_CPS,0.02842912115193644,0.024655536246276064,0.021605014895729892,0.02093470705064548,0.02274288315127441,0.028470498179410792,0.0383306438265475,0.03713381330685203,0.036557638199271755,0.03658039556438265,0.03904750082754055,0.039003020523005624,0.04063120655412115,0.045784715326050975,0.05191575637206223,0.06443127275736511,0.08063348229063223,0.06788935782853359,0.05277226084078119,0.05191472194637537,0.05780267295597483,0.042398005627275734,0.037928252234359486,0.03240752234359483
4,6,LZ_CPS,0.02952225326736725,0.025785181079349535,0.023519696756233676,0.02320193250029051,0.024921355917562282,0.031003096401859685,0.0401185085852909,0.036860653689407545,0.03805149837672854,0.0398243966849681,0.04125896347150765,0.04277579932107455,0.04477596591592718,0.04802353717893212,0.055387646683168465,0.06537305420811397,0.07504789602013123,0.06016747924505793,0.04796903392467649,0.04667843799843482,0.04850995301408137,0.04088155414486964,0.03731519026263369,0.03302691535233268
4,7,LZ_CPS,0.033499595292681775,0.028583778652642455,0.025413924474410203,0.023955071131019218,0.024184970314400367,0.026895026125870324,0.03263085183474379,0.03369453284909713,0.03808486564140811,0.04237349188254587,0.044217982565802005,0.046704495853339134,0.04695664334478943,0.049724968534535716,0.05364596797091191,0.0587471871781941,0.06376788869913082,0.05500205531988828,0.04906811372487528,0.04912638310315161,0.05519381454657946,0.044974425040152886,0.03879151428341377,0.03476245163641602
5,1,LZ_CPS,0.03116117228085079,0.027789802986244984,0.024830921031136672,0.022983917077792668,0.022769505341915255,0.023416824582611826,0.027932744143496592,0.029049727186591313,0.03210662593524358,0.034881726402456965,0.037260675662430166,0.039926528245172684,0.045014212435063886,0.0530965138693763,0.06182817656091744,0.07675021236971936,0.08137742183160716,0.0668229489985951,0.052748350050642025,0.047769913745221694,0.04817831705165486,0.0422809733067599,0.03694722612474271,0.03307556277975627
5,2,LZ_CPS,0.028184347517231943,0.024949774865603833,0.02245516736161727,0.022215603645068322,0.024228308846653324,0.027508204363574477,0.03202846645922977,0.03266206161689785,0.034215063470510544,0.035559950126349056,0.0387399503483386,0.0412530569810162,0.04482616368769032,0.05304347665224969,0.060989777381485345,0.07638567723460227,0.08288349618732958,0.06663293658868669,0.04964611166814044,0.04511752496457418,0.04687309227735374,0.04093579692396489,0.036479356822293675,0.032186634009538154
5,3,LZ_CPS,0.026866412316884122,0.024715166731769073,0.022726881889492963,0.022370661170221913,0.023717748717810135,0.027180869227688913,0.03264947144215344,0.03214994353696875,0.032543014675474734,0.03395725187589106,0.036681726204660675,0.03979026379167885,0.044637322268380776,0.051959091121259994,0.06513680103967316,0.08235167910982488,0.09204415826681832,0.06674266042011115,0.04765332435820901,0.0441107707224238,0.04502302332303978,0.039870515815790486,0.03440273249953118,0.030718509474242785
5,4,LZ_CPS,0.02499893515567302,0.02299919360602492,0.021696112921145927,0.02137485480215914,0.022648336424389914,0.02481412149621096,0.029321120230670544,0.028981091974394642,0.02967703091080647,0.03128765307588405,0.03301378377812542,0.03614045549347773,0.041438687707509275,0.05053137536737128,0.06839838028153761,0.09343052414164521,0.11358171037822548,0.08410970712088472,0.0455305776365365,0.04002154234218104,0.041113819946736116,0.03518462234844738,0.03167388474702547,0.028032478112937024
5,5,LZ_CPS,0.02696782497645279,0.02416897669414118,0.022456148583648687,0.021780737890372288,0.023277367540734128,0.026842966175834704,0.03199737209933732,0.031153527722005643,0.03182223458706093,0.032970265169925274,0.03529649356264894,0.03817662576214146,0.04312907886048326,0.05077647090370955,0.06586427429383547,0.08659586306760472,0.09799069508642907,0.0652089750852224,0.04813516258459392,0.043476001970925486,0.04693601531154364,0.039038905667081174,0.03485823079269416,0.031079785611573478
5,6,LZ_CPS,0.028810093137170513,0.026245853497650053,0.02469190615426575,0.024423702997623323,0.02527814751354834,0.028562730090672603,0.03249426217402217,0.03206568077844154,0.03301798320287123,0.03417596845350979,0.03694951528622079,0.03986803679819797,0.043920985175432956,0.051034711468675054,0.06023335486811382,0.08046819572669012,0.08954723501573429,0.06633044622300187,0.04715845098179572,0.04418284568985749,0.04408226950611657,0.039068863878743185,0.035806933595254255,0.03158182778639069
5,7,LZ_CPS,0.030142344291335495,0.026916866544388535,0.02511600746210162,0.023818761855492327,0.02416266911222938,0.025113068083838907,0.028668735988963617,0.029356550502437725,0.031900092492436,0.0345112401824766,0.03723506403925442,0.04003629152361693,0.04451884337424948,0.0517693097556005,0.06092057408017056,0.08222322814278324,0.09481160544921538,0.06638389847779398,0.047947138221323425,0.044050502437724376,0.04401718948408033,0.03913880136073618,0.03529213500760319,0.031949082130147834
6,1,LZ_CPS,0.030568783940436543,0.028562173821441404,0.02710872726901477,0.02620009114205074,0.02563671818079725,0.025671986998799936,0.02560423374316319,0.026838642373257334,0.029312100267393337,0.03241761250520912,0.036299966865873626,0.041088172973133524,0.046598461722659024,0.055538178959551314,0.06495031273232175,0.07968989427707743,0.08447160349681052,0.062431376625498074,0.050590335044489766,0.04538354375514531,0.044228954028951994,0.0403113308502848,0.036889327377234354,0.033607471049405126
6,2,LZ_CPS,0.02884377378074646,0.02708992216248248,0.025570714910775328,0.02521368740401435,0.025621324480032685,0.027241750870254548,0.029383915910820416,0.03041083007975148,0.033190675692960026,0.04200778283157779,0.03765075900551276,0.04241910060354212,0.04796406904617525,0.0553907932911955,0.06273746239939047,0.07869327932525483,0.08156330198914011,0.0568225840141854,0.04877842302422542,0.044676287392420154,0.043105550397469154,0.03897212885012298,0.0348405476507498,0.03181133488720047
6,3,LZ_CPS,0.028874047403621025,0.026946001660339336,0.02569048662867163,0.025095376234760786,0.025517923269935724,0.027281800628690286,0.02953911591593832,0.030619269264133865,0.033304728236029355,0.03512084098986073,0.03913923531112706,0.042876864383855524,0.04778699152107603,0.05762123741919836,0.06546214333019297,0.08021118024009624,0.0784594289551988,0.056540151296090725,0.04843620285988787,0.04424151408023729,0.04295708302629491,0.039933959536224306,0.03556950572257408,0.03277491208596453
6,4,LZ_CPS,0.028370716683010375,0.026306748339157218,0.025128447716254856,0.024396433849426132,0.02458720633122937,0.026368037236026133,0.0290388519812715,0.03003673880916537,0.03279560239216607,0.03435631120257448,0.03853690454815409,0.04250859771003965,0.04657697194867616,0.057506249741032835,0.06418069693244756,0.08180427606590887,0.08617823156499041,0.059280174854633105,0.049169233319061374,0.044254036434954354,0.04261995359308316,0.03871904479096171,0.03525233761032002,0.0320281963454553
6,5,LZ_CPS,0.028198760647062913,0.02556655619784509,0.024249253515141372,0.023272880931363402,0.023868308146388656,0.02580344659522073,0.028967854133137197,0.030106688712412653,0.03144720025161601,0.033628832762582196,0.03745429255804014,0.041349378922997004,0.04614720977525023,0.05629268128717918,0.06729527987880174,0.08853458479755874,0.08814883759642678,0.05849912326543808,0.04810635738597848,0.046396104753573954,0.04248421197528976,0.03875959065979577,0.03463961847841135,0.030782946772488377
6,6,LZ_CPS,0.02735690104854779,0.025410885872116335,0.024002667222078874,0.02329389492139777,0.023569787648088335,0.02496013155808668,0.027239549494378002,0.028067227674449687,0.029603678155202477,0.032157434492963564,0.03627406484023091,0.0402080619740552,0.04685901959382372,0.056975345293347794,0.07145932486329709,0.09757354289782175,0.09241162883957187,0.06075390990509289,0.04896357594277596,0.04253566399219107,0.03950239832381568,0.03652586552599919,0.03355943584211785,0.030736004078549376
6,7,LZ_CPS,0.03086160373878804,0.028200087804352045,0.02664596788893862,0.02556766882868481,0.025213370566029986,0.02553942766282102,0.02598016100887714,0.02745725956284387,0.03021291271682583,0.03347433947764113,0.03796382905707882,0.0424490396719917,0.04847981227326837,0.054809256598377244,0.0650565208424083,0.08014072658529217,0.08409448980622282,0.06170694741238178,0.049015538631775414,0.04447898044256474,0.04303611360479655,0.03977297525817132,0.03641398810619021,0.03342898245367807
7,1,LZ_CPS,0.02057893665931224,0.018958589777576845,0.01800869462198901,0.01694723459913415,0.01653231954515535,0.016395254136798716,0.016929702977135044,0.017774408400728255,0.01977035700226264,0.0220537179523278,0.02502240594417613,0.029325622253047183,0.03520987210947382,0.04376795995140022,0.06675669774368026,0.14049469987191293,0.16841407353612284,0.11582452015153696,0.05030566117324802,0.03436676046969872,0.03111650400331932,0.028808705034709958,0.02466008575619464,0.021977216329058982
7,2,LZ_CPS,0.018061748437190103,0.016875653466340512,0.016090147135521878,0.015359489127054671,0.015496120215769384,0.01641629876664732,0.01781640013810024,0.018393286957117918,0.02030759135061545,0.022039231241996186,0.025334048320392558,0.02949125732433233,0.03551673730836755,0.0476920854360564,0.08684350353453363,0.15850479555532704,0.17203617050972211,0.1018254207282584,0.03847560841236144,0.03095698079574142,0.02878606460838543,0.025765489141746187,0.021984382919644756,0.019931488568777102
7,3,LZ_CPS,0.020428638240379434,0.019202742793435437,0.01820419308207594,0.017653248741036083,0.01771643314027645,0.01861341540612806,0.020406198921023043,0.020835498530815087,0.022714496272710952,0.02456810215322984,0.02769661567823433,0.03214727752005366,0.038998946533007055,0.05262728999159115,0.07854942791545809,0.12392291267089313,0.16612713882143967,0.0917585104071201,0.04318860366020729,0.03524626562485236,0.03244843680615262,0.028861098251150307,0.02516097259096191,0.022923536247767877
7,4,LZ_CPS,0.016609134488667156,0.015528844854808361,0.014622910603101384,0.01400349016650939,0.014172237627013053,0.01519797747756704,0.016623919009375935,0.01701137541415776,0.01834504114430151,0.019725099680807295,0.0229945180016834,0.02667586365816965,0.032289393227975784,0.044972982562932355,0.07753002659684295,0.16492795605020824,0.18247718213153025,0.1330372350703106,0.03761080106101878,0.02837149524014905,0.02584181276577088,0.02305518551769529,0.02005494743593077,0.018320570213473185
7,5,LZ_CPS,0.01797360788301517,0.016856381889438044,0.016033131853204482,0.01551911401162173,0.015540824810866665,0.01639576087843067,0.017791706592044102,0.018164897627713773,0.019389504060799624,0.021243723671988547,0.024748550804150397,0.028716932839109477,0.03448496409796616,0.04431291481562543,0.0718328198044737,0.13999886164998554,0.20674137919905927,0.10653371833817327,0.03838410628668464,0.031316360964921804,0.02900738812630521,0.026442579923613187,0.022433710181954097,0.020137059688854906
7,6,LZ_CPS,0.021146094069050145,0.019809564005916686,0.019033178121289455,0.01841832218581285,0.01832908991551593,0.019420068402722823,0.020730545248251343,0.021336933888006334,0.022962654666554637,0.025406446477898078,0.02977036042672565,0.035390039464111366,0.04130411986043291,0.05519895213958793,0.07545076951434848,0.1315355310525044,0.15935320281973972,0.07331961631426434,0.04137967419148725,0.03679756454521829,0.03319896386353585,0.02986089535790282,0.02675600314983401,0.024091410319288697
7,7,LZ_CPS,0.020464592348375575,0.018718868054124597,0.017840785768253313,0.016927536231884057,0.0165148705268219,0.016715983240607187,0.017478123497492958,0.018261144309361908,0.020095885706435883,0.022168006044371177,0.025842434233120406,0.03064496187924995,0.03723002953499553,0.04687135105433066,0.07951370286420772,0.1510669688852256,0.16478879043890376,0.10104650044645924,0.04241994642489182,0.032532454152070886,0.029928978638642766,0.02731011745312178,0.023930764475582116,0.021687203791469194
8,1,LZ_CPS,0.024199290483813668,0.02230969896420652,0.021086745943442137,0.020410718169967777,0.020201806809414937,0.02018302826015176,0.021125867921073755,0.02144510325854776,0.023527174908102473,0.025451976207578084,0.02826171664108089,0.03223650956845329,0.037825475292906245,0.0539898940107382,0.07506568580044348,0.11933533324882985,0.1500523452060711,0.07750376744644592,0.044727374586676305,0.038530453329828004,0.03659000323929974,0.032166872448269004,0.02805593503873858,0.025717223215920453
8,2,LZ_CPS,0.011461731153922398,0.010640307087891293,0.010120564436194558,0.00993350033339941,0.010165618410856204,0.010621204202634753,0.011667177278379499,0.012036980302402276,0.01267999062877327,0.01394726882805601,0.015582908324172357,0.01755122636919029,0.021082016255474054,0.043286056695921706,0.11878462397952746,0.24489574510263293,0.21577718106291333,0.103660184901512,0.025945322496350624,0.019081619780497033,0.018474652633855358,0.0159231559408171,0.013984753734974499,0.012696210059651462
8,3,LZ_CPS,0.01141673213730778,0.010736614094855395,0.01016922090679436,0.009882783282869831,0.010011954316625271,0.010745522442010942,0.011845703315721075,0.012167089070794291,0.012914704974386787,0.013988160806630276,0.01569479454439115,0.017998630170310465,0.025009499381726447,0.0671665391516718,0.13281454774205947,0.21417413968493915,0.2079136274070097,0.09533199182761937,0.027825222340352992,0.019811136187727653,0.018525935796171532,0.016515047740175034,0.0142824788915001,0.013057923786349054
8,4,LZ_CPS,0.012025483958485165,0.011297019379618153,0.010855152914390284,0.010584181380033088,0.010663644198083848,0.01122054888525968,0.012278834031098886,0.01259602034248142,0.013599446220628678,0.014665378415903733,0.016534915762763256,0.01955816013320495,0.026427870369877805,0.0563737159606556,0.1451286965172012,0.2251101840079582,0.1949256174826179,0.0842246024864215,0.026328126246801538,0.02098649597565711,0.01941652347843665,0.01713770274655417,0.014646759512929496,0.013414919592937584
8,5,LZ_CPS,0.016891982231212847,0.015951844691530274,0.015440023306403679,0.015030941502709465,0.015061434985783002,0.015803599450742,0.017213805760265866,0.01766651670128068,0.01886467602081626,0.02039028843551074,0.023068085379876084,0.027158434286309412,0.03407247972535223,0.05689098767453414,0.10518656616640154,0.18154365517406384,0.18284314668350532,0.06962975751113129,0.03364041052672566,0.02837911187026853,0.026518071141765142,0.023762398532935075,0.020307252335448955,0.01868452990542798
8,6,LZ_CPS,0.01228372479846929,0.0114803198399713,0.011024803361472438,0.010775483284139728,0.01077910712247305,0.011216504409305291,0.012382655584969043,0.012847594043134547,0.013724925303632353,0.014838168439629571,0.017249470466623545,0.02018840335494953,0.025687940409602445,0.06421586480183945,0.14353190155480783,0.20036528290399908,0.19902518748833575,0.09481591807226297,0.027491162364264604,0.020840331871114566,0.018976229432452557,0.01695050380412429,0.0153469553416283,0.013961561946798429
8,7,LZ_CPS,0.02360248011066406,0.021815424153693835,0.02069965522810418,0.019960256437263457,0.019658317709759645,0.019993961225449927,0.02117573536123809,0.02172975781705322,0.02383420052944605,0.026036246690962207,0.028919410447079973,0.034449804442010214,0.04281491156004017,0.05916875566135115,0.07988105018502525,0.12634310070007654,0.1472112798691131,0.0704338789295921,0.04102153595528499,0.03560981090209462,0.03357067121681308,0.029901764586098185,0.027187826953999992,0.02498016332778609
9,1,LZ_CPS,0.03017476152518841,0.028350146502863563,0.027332800801000916,0.02658143890462109,0.02619262818259365,0.026314608016955197,0.02730823541769199,0.02750814681289564,0.02932429101338983,0.031911280000474364,0.03463973171213098,0.03956043211356323,0.04569669544769564,0.05424036634610253,0.06617151889459164,0.0849843670983115,0.08875388281295662,0.06164386462610216,0.049369643793471196,0.04589067726761783,0.04309869439223124,0.03851597978184246,0.03480237149127971,0.031633437044428614
9,2,LZ_CPS,0.024599396935844384,0.02329636679568994,0.022135387672582385,0.021792161701663686,0.022146137479277826,0.023499077436232533,0.02664339589464882,0.026741679841578558,0.02818829668545067,0.030583200048527697,0.03312936854867627,0.037737196404343226,0.044766802139825805,0.06407652633817816,0.07937119773578356,0.10162406543868042,0.10218228754350792,0.06333478967619278,0.04955737670931524,0.0450900641840244,0.03923679443835715,0.03337584625933602,0.029879855553311744,0.027012728538970736
9,3,LZ_CPS,0.02322524637468516,0.022026997285599006,0.020876892133127923,0.020568923776685497,0.02097241581688798,0.02239992174699827,0.026262135328784884,0.0261987076027682,0.026824578778764093,0.028994112684322507,0.03136233585210183,0.03486003105666007,0.04080466094441592,0.06242663781087228,0.08456062162228255,0.11592295747438439,0.1228854877362874,0.06810915071039055,0.04132736654195095,0.038545716870858095,0.03572738610520138,0.03179945222898785,0.027918133910449224,0.02540012960653413
9,4,LZ_CPS,0.02212623630617315,0.020971697853225668,0.02013262687956974,0.019590893070303553,0.01995277415574375,0.021356785741740186,0.024372944928805873,0.024336684299002247,0.025146746768815273,0.026898135188330452,0.028836628457632348,0.03205004547082976,0.037048210682961706,0.05217034373626627,0.07673692042822353,0.1286374850787508,0.16677641550620562,0.0630528839529308,0.03896204672399713,0.036946680919511546,0.034074839039064296,0.02982001673790671,0.026006848907757302,0.023995109166252082
9,5,LZ_CPS,0.011005057763481907,0.01036167575380096,0.009791968623328859,0.009505077964658465,0.00984968627063533,0.010544674647319709,0.012306420952456612,0.012325773340082901,0.012625565590504154,0.013331078949932655,0.014603922830826515,0.0166644428396675,0.01998524465322388,0.044630680053086645,0.12632729369081605,0.21031937211348098,0.23998216864213798,0.10816355008346988,0.03213209328665673,0.018588138072834912,0.01685423204463407,0.014934950513907742,0.013079837426363313,0.012087093892692026
9,6,LZ_CPS,0.013607179924531945,0.012677506818675528,0.011898287084342391,0.011701169030742371,0.012042706229735056,0.013183979531904963,0.015260960166061903,0.01530279746723415,0.015513995381805602,0.016572398645115092,0.018026647142592785,0.01997570218278073,0.023213667924467576,0.04383865283890225,0.11263929005318164,0.19791416916751814,0.21634309805215185,0.10542074647400054,0.033205541833278354,0.02160172498410987,0.02018247499818973,0.018405596543595273,0.01622925231915424,0.015242455205928023
9,7,LZ_CPS,0.03121331591917372,0.029315091363469565,0.027894248979584733,0.02711513344962096,0.026869920749342184,0.02717252365606919,0.029149007584202736,0.029455088685259933,0.03123853282806763,0.034324560747533525,0.03780623327205914,0.04257222905300942,0.047328659799551656,0.05491286253654277,0.06551439885497842,0.07948717502795598,0.07956630394896792,0.05758585487929795,0.047108664008166795,0.044748709155129206,0.042993090566963064,0.03860795706516919,0.03501846051640751,0.033001977353476715
10,1,LZ_CPS,0.032279145451682326,0.029390408202544047,0.02746225045054503,0.025744055430161148,0.02588053120571099,0.027051073434465386,0.029802460063338757,0.030629188319073367,0.034081325564712266,0.03662099977254038,0.038154602558045946,0.041493009990726644,0.04431438419680507,0.051221283222228055,0.063661575070425,0.07828197994855914,0.07594614455934072,0.055844837541336415,0.05079348415656221,0.04707014504925376,0.042902384826693264,0.04070914912603013,0.03716427834059455,0.033501303518625444
10,2,LZ_CPS,0.029750015989844218,0.027149541071230503,0.0247231328112413,0.025777248111376754,0.027209452386291966,0.030089243571070606,0.035367106583039105,0.03552902905617819,0.03586258935084471,0.03674101876762424,0.03864036937754572,0.04092347624880683,0.043307784665779864,0.05111811515764367,0.0612771311223899,0.07471588678056833,0.07421554633856856,0.055974979739450544,0.050387844803786386,0.048330619782554304,0.043823507742727856,0.04078017486007874,0.03566099587178655,0.032645189809571075
10,3,LZ_CPS,0.027550203552042667,0.024758802733073043,0.023126517712598802,0.02317785210932292,0.024263314208170652,0.028412472621655083,0.035637230978002095,0.03493417293591087,0.03470279616227026,0.03595044519569565,0.03847922221693172,0.04018367298352538,0.042812142891153225,0.05048849514331969,0.06082977216455576,0.08138138629654319,0.08555955980382822,0.055377166460337114,0.05219592181696981,0.04999077468812495,0.04335078206837444,0.039384641938862965,0.03537609513379678,0.032076558184934774
10,4,LZ_CPS,0.026161219313131256,0.024124721464346372,0.022909357732476498,0.022926405499609677,0.023519525731118356,0.026655604559993582,0.03270543092138209,0.03116544929035118,0.03090405019430903,0.032294863862924586,0.03329926147652132,0.03491027547060716,0.03815219252043424,0.0488610315745957,0.06101608954055557,0.10118986311353317,0.12292150426655889,0.06890210248691406,0.045170900313892016,0.042085964786416345,0.03837807543494892,0.03380074995968913,0.030321584817258593,0.027623775668432295
10,5,LZ_CPS,0.02565192094742966,0.023635442277735026,0.022450779827705932,0.02175559768022372,0.022733807548657118,0.026106116626940186,0.03585368142489818,0.03412098121281507,0.031205120024023567,0.03242431636042867,0.03367504363656838,0.03609316641954918,0.03999249263339651,0.051749028734445666,0.06546874120230475,0.1026099359996997,0.1100489855670877,0.062407237101405756,0.04522287494604079,0.04532347365852743,0.038404684596760566,0.03457442615566524,0.030461139993618734,0.02803100542407237
10,6,LZ_CPS,0.030953857139292353,0.028250241377126086,0.026638821119874694,0.026229967618034852,0.027243463622595585,0.030373208386679437,0.038399597672798186,0.036939817916229176,0.03700028216650127,0.037763283419934776,0.03943420817745393,0.0411003341849515,0.043105251943973626,0.050016411725073845,0.059051498265731736,0.07715622234720299,0.07291316757810926,0.050935852229211334,0.046987440711443486,0.047690937464609215,0.0422443561900996,0.03884876067481942,0.03657319341457937,0.03414982465367421
10,7,LZ_CPS,0.030054139841192058,0.02641203589880105,0.024745281627213362,0.023460880446412067,0.023476988448019476,0.0244112525412492,0.028103376067579,0.029425079988944825,0.03251272956021764,0.03463389903504593,0.03648886258857281,0.039160247486727855,0.04165444436720139,0.04673100824221008,0.058265185182673214,0.09320937519605133,0.10232650410584483,0.07000791835447438,0.04947699862149418,0.04617570608153362,0.03987069513657042,0.03655753354279387,0.03297647044859937,0.029863387190578006
11,1,LZ_CPS,0.03268410627626841,0.030263951363468367,0.029395441869938702,0.02961857672005502,0.03075828087757221,0.03268067343242047,0.03674401626710272,0.03784824770485782,0.041455022307763614,0.044295128451295386,0.04292084663083541,0.042690846093023205,0.04315313573121291,0.04323094685843296,0.0443145812331004,0.04677364170951047,0.047062000592737706,0.07019479100274514,0.06010337437107441,0.04965036485408698,0.04632279488414725,0.043451793145983984,0.03896849908057,0.0354189385417966
11,2,LZ_CPS,0.02479589079195753,0.022507737312090322,0.022522531407865327,0.02385400002761564,0.026579072469371287,0.03188818030649421,0.04935014468625667,0.045019419716387316,0.04254486062975506,0.042283498271063334,0.043312181063951904,0.04352521604311196,0.04452233809834719,0.047843119463309644,0.051197434112028775,0.053568434528236,0.053197595860809244,0.07057967212338669,0.05891107564911559,0.04838655591477811,0.04518215476991235,0.041870249862414895,0.03605123885758019,0.030507398034160547
11,3,LZ_CPS,0.022692193386956064,0.021222783007480397,0.020433171024203434,0.021805840862681593,0.02471328631103914,0.03193135082042079,0.062340127540637565,0.05644069761260032,0.04582799880425205,0.0433092585926953,0.042203278894264326,0.04191044266205566,0.04296238710335288,0.04566937917847235,0.04911892027097809,0.05017958007632915,0.04926533838708243,0.06984928520941712,0.06190000165591917,0.04995036600171343,0.04402827612713624,0.03849053380733293,0.03396725986339538,0.0297882427995841
11,4,LZ_CPS,0.02835598908742217,0.026257546290668933,0.02499729886687465,0.025818612157800194,0.028353456775117157,0.03304751968450764,0.058448300311980866,0.05148359736909632,0.04551746957848817,0.04335403076590629,0.04198404980889483,0.041474210931485754,0.04256479343084423,0.043513566441122045,0.04378367975365665,0.045907445673460015,0.04644513998622422,0.06771909566062963,0.059604722931269664,0.04766993503774833,0.04494854341396215,0.04119059195332441,0.03536796186000027,0.032192442229515277
11,5,LZ_CPS,0.03031500082112374,0.028157886560645537,0.027059800000887698,0.027619051846196865,0.02853338422821026,0.033968779543810286,0.05152484897980923,0.04577787049325125,0.04329408213900515,0.045689100359075197,0.04560388103026618,0.04473748452070785,0.0450810249399692,0.04416580485661404,0.044808500628048704,0.04525235129892899,0.04726033173399142,0.06348573685869127,0.057025934194699535,0.04924789503819335,0.04333757950475142,0.040600796268103555,0.03530920856986876,0.032143665585150534
11,6,LZ_CPS,0.030403969516956435,0.028335464438695595,0.027614812365383178,0.028496308230619438,0.029924133847194796,0.03467666354264291,0.05743201654085206,0.05209541720992629,0.044602253071083064,0.04430931968467427,0.043083672018841175,0.04372255434318673,0.043609334690771065,0.04469750135009942,0.04613970406539422,0.04820102059429534,0.04795840705340462,0.062381332775022655,0.05229849372933852,0.044608543051772816,0.04013007680066421,0.03820174843491801,0.03467396783663302,0.03240328480762992
11,7,LZ_CPS,0.03347175485071955,0.03028146176491646,0.02875264804855141,0.02899797421653561,0.03024566309662692,0.03267365512826452,0.040358786888421865,0.04375860747391962,0.04961484844528489,0.0539075299340041,0.048436651097755634,0.04636980445503897,0.044290322988220124,0.04374702555182594,0.04464620386709849,0.046306630334528025,0.04647404175388205,0.0606081983161991,0.05185226521338111,0.0463182122566217,0.041190579475149404,0.03875100552141813,0.03615244336440096,0.03279368595723533
12,1,LZ_CPS,0.03230449239168312,0.02958205076083169,0.02899218840748054,0.029551196422348706,0.030985015681263797,0.033162061505401325,0.03883290742246486,0.0403111932280172,0.046121791148797775,0.04794854948309908,0.04526512951562319,0.043029097456150536,0.040812122488093856,0.039103336624462776,0.038452673074689275,0.037993487919619005,0.041236823382506685,0.06926980485538389,0.06138016900917644,0.052793588105471016,0.049611961319549314,0.045574580380996633,0.040108825066790574,0.03757695435009874
12,2,LZ_CPS,0.030846350518352477,0.02880621322499299,0.028223066685346035,0.029187097226113755,0.03196536144578313,0.03774866909498459,0.06775357242925188,0.061677815914822076,0.05054374474642757,0.04794760437097226,0.043326211824040346,0.04068103810591202,0.038592743065284395,0.03747548332866349,0.03723206780610815,0.03677588260016811,0.03878887643597646,0.06296581675539366,0.05418009246287475,0.045949495657046785,0.04224134911739983,0.03951999859904735,0.035412580554777244,0.03215886803026057
