Month,DayOfWeek,SettlementPoint,X1,X2,X3,X4,X5,X6,X7,X8,X9,X10,X11,X12,X13,X14,X15,X16,X17,X18,X19,X20,X21,X22,X23,X24
1,1,LZ_NORTH,0.03561071704230912,0.03261758616247736,0.0313325716104992,0.031865637956837334,0.03341352019630247,0.036335435925739346,0.04414082586534262,0.04897717240245357,0.05232742631588317,0.05003597412376565,0.04574316674922736,0.04274689402452524,0.039922375486069576,0.038326318291925565,0.03688735334129965,0.03670198449394828,0.03788227088358103,0.05266465099863538,0.06277406050983762,0.0488441676362749,0.044843551834680306,0.04196562193342849,0.038166084203537086,0.035874632011419556
1,2,LZ_NORTH,0.03176016962177819,0.03056972411640209,0.030458984999622917,0.031336306105830325,0.03412196768136156,0.03881883366889196,0.06407212553233535,0.05832132864028594,0.048858862041017394,0.047646459641797145,0.043602572584240495,0.03981262177722918,0.03786227681533393,0.036957270929931736,0.03627660722076321,0.035631265471257,0.03733912995330819,0.05473376311566415,0.05807980280800034,0.04684551034026503,0.043867009957928686,0.04105079966052733,0.03770953320598335,0.034267074110244614
1,3,LZ_NORTH,0.026789312840499506,0.025403715338515098,0.0255555728846449,0.026966616786251063,0.03074910096228433,0.037176368995778364,0.06692731441160947,0.06366360844721965,0.05020000049251096,0.046919056644506414,0.04219833908887114,0.039203051597910765,0.037289646516675184,0.035635630541261336,0.03426234581328745,0.034538972802723916,0.03699167738562049,0.060974498603321006,0.06885713652485907,0.0518006611138792,0.04563606559260971,0.04146203520304175,0.03687593730992155,0.033923334102197666
1,4,LZ_NORTH,0.023737563219441527,0.022976422409661346,0.023107828704594206,0.024150826494810086,0.028814797745398083,0.0444553209075033,0.14462056273634882,0.14564895982712772,0.06614307288859603,0.03741270527472486,0.035155944992182275,0.03171271917712997,0.02998031444828083,0.028448510633435474,0.02699796288502203,0.026617075073622442,0.027548345772494442,0.03936031161701476,0.042660069689773226,0.03495915295629249,0.03288267957114572,0.030201229378892594,0.02743154017699857,0.0249760834195092
1,5,LZ_NORTH,0.030426460580342048,0.02902256885765485,0.02917379924439468,0.030299827907108095,0.03400223930295546,0.04376662053836195,0.08267200406682196,0.07283382969089784,0.052169017266683854,0.04614531053702275,0.04243014477120938,0.038848899890039104,0.03682186609186972,0.035635709685030825,0.03374350779793069,0.03380181348920388,0.035515454196779886,0.05069588753560974,0.053377949334176326,0.04331201835171633,0.040312008330425635,0.03716350100167355,0.03514831054704404,0.032681250985047317
1,6,LZ_NORTH,0.03340801660118102,0.03124295968963729,0.03129669857240591,0.03231257014474361,0.03511319268903169,0.04102860355379366,0.06731001754781211,0.060188582140915756,0.04962372447661429,0.045394887778744626,0.04321846302661522,0.040164647669282655,0.0376781909011804,0.03633575227201796,0.035064621006529274,0.03473908738975778,0.0364163605961709,0.054016878142949566,0.055370684612697674,0.04572042139551612,0.04219432393385157,0.040723738738087024,0.03667782092964134,0.034759756190822645
1,7,LZ_NORTH,0.03669934064907973,0.03404241322012389,0.032747903849785986,0.032564338176779055,0.03448169754743528,0.03718531219958363,0.044496106922229696,0.04922849363674369,0.05749637643483631,0.05522780181698184,0.047970060757054546,0.04409289908556707,0.03955150555684063,0.03699856330681358,0.03600645981397264,0.035263708535909905,0.03633751466933774,0.04900248503356174,0.05588142294167705,0.046889888184100455,0.04291404669995607,0.04067093784020661,0.03838008068401026,0.03587064243741259
2,1,LZ_NORTH,0.03238185587395293,0.029577285696120607,0.02742992503525358,0.02818714469610489,0.029548711369296026,0.031701786895527974,0.03862820371780566,0.041867103663371576,0.04894210698513706,0.051288059217434914,0.047959150142371586,0.04584607867369404,0.04440450388539409,0.04358156327284625,0.04246287837766402,0.04194425434579793,0.04213570233552261,0.04919641849387581,0.07258879114881653,0.05024366757199659,0.04493741508067246,0.041374196525647604,0.038631061150488116,0.03514213584520716
2,2,LZ_NORTH,0.029492278291410556,0.027254532307215525,0.02662181705490418,0.028042198233562306,0.03136201642477143,0.03827152523113474,0.06177883373792674,0.05583260162181703,0.048772015908269184,0.04806957285264189,0.04510614121171425,0.04347786787872525,0.04150999431847527,0.04110970507721707,0.039534373224523515,0.04018903982232321,0.03989463354165589,0.04782423428541912,0.06840039254170753,0.04770673002427559,0.04287872527245492,0.03987526470740146,0.03564511130623417,0.03135039512421878
2,3,LZ_NORTH,0.027333667451800277,0.025163688936603035,0.024251357412256952,0.02571323767512667,0.029552017005107175,0.03663837408817234,0.05387055641473865,0.04875531913464213,0.04590008424622471,0.04518258051426475,0.043978679121313216,0.04300319651943508,0.04182482428548586,0.04223597810941797,0.041531910776932926,0.042301816466845006,0.042872863444528495,0.050774809975720425,0.0781796903447377,0.04983829293231951,0.04539756290586324,0.04208145951545656,0.03834345318153785,0.035274579541469425
2,4,LZ_NORTH,0.03008658898819434,0.027649573953522927,0.026710321561281575,0.02766814674094013,0.031191669839517853,0.037690818807865845,0.05968763224819612,0.05062676524394693,0.045183611903034125,0.0447498046540752,0.043838411442959656,0.04325071538397248,0.04221063928860918,0.04159773730384152,0.04113341761841147,0.04208062977668876,0.040822986743009666,0.04684189649385572,0.0701427849364081,0.04991303955605732,0.04635369751031784,0.041368230716471804,0.035711490320261184,0.03348938896856025
2,5,LZ_NORTH,0.027389864484363775,0.026239040696022356,0.025883848168756485,0.027079878278749924,0.029398316774903514,0.03800689202663814,0.07040561695004571,0.058185702402909725,0.04799232267497429,0.04605232567150761,0.04397412648470475,0.04247973465180798,0.04107963028978543,0.04038991098229461,0.039346290756727985,0.040005011443657416,0.039847435122470375,0.046867331070434025,0.06630346616242243,0.047939366698181926,0.04399737545012579,0.041161001668759065,0.03689610812318851,0.033079402966567986
2,6,LZ_NORTH,0.03085606941815841,0.02897755119537997,0.02818289191994032,0.029686474284902627,0.03243771010164217,0.03740912924026222,0.0679811175647852,0.055868002103735666,0.050647052274760164,0.048547155542076635,0.045145860285847,0.04340938260988628,0.040736205111668186,0.0403638285429839,0.039329875733716206,0.03887304262368085,0.039285088173908814,0.047372441830557145,0.06150995499490062,0.04331340926744188,0.0412263089804176,0.03861071548766615,0.03645195510495005,0.03377877760673195
2,7,LZ_NORTH,0.034561143005727345,0.03165572974045614,0.030887978048596908,0.031246535879732588,0.03303521941139037,0.03650447170882915,0.04114793247617028,0.04488815595897114,0.05088373557044225,0.05556825257798976,0.05165696142766233,0.045063329250518334,0.042354985938237735,0.042764179798961285,0.040920754613694994,0.04035691558152743,0.040274803101114684,0.047276260597642006,0.06326082345132442,0.045003113431548995,0.04221128909751542,0.038605182666055386,0.03629782196645706,0.033574424699434106
3,1,LZ_NORTH,0.034134503271589976,0.030688016972944793,0.028527533024540353,0.027203807938692554,0.02774792982199441,0.028935624437016746,0.033479499407867354,0.036314420144398056,0.040840005304045246,0.044941495466413045,0.04595772310140328,0.04463742735515612,0.04312165925167238,0.04257296491556965,0.042965052743243054,0.04615776791144073,0.05175902259248929,0.050050068358169365,0.055197507098732966,0.06531748826022743,0.05790897160964056,0.046420683947489945,0.03992665785707427,0.035194169208188346
3,2,LZ_NORTH,0.024461725543894784,0.022260599433879355,0.021188648974545005,0.02173228829233897,0.024327859471280102,0.03107634453652704,0.05208718666653041,0.050301965072195705,0.04302414698699149,0.04327961659121797,0.04355756752061639,0.04333275426889707,0.04089761800141018,0.04213715652111712,0.04450076129942059,0.04905731716040425,0.05502815275038575,0.05653235778007132,0.06912292175476961,0.06295077611665763,0.05257462267139455,0.04155979521556524,0.03416139547716612,0.0308464218927232
3,3,LZ_NORTH,0.024930347976016044,0.022451658095423505,0.021254695864472203,0.021744658614262388,0.02460246415866596,0.03210094350431419,0.10169614671310445,0.09190154915788817,0.053405008239012404,0.041573246170885224,0.03773644661501876,0.03787989578510942,0.03659630515923323,0.03910107670711498,0.03982391148627312,0.04310368114789144,0.046253042473063694,0.043831173367636936,0.05231330416533542,0.049382842547769035,0.041734393615207845,0.03582875895043645,0.03224066672193496,0.028513782763930174
3,4,LZ_NORTH,0.030149158657956837,0.027360716850781487,0.02615192893053798,0.02633682752488115,0.0290728992099593,0.03519058449331372,0.0589110434693389,0.05133982010328671,0.04258118437703068,0.04292960600567735,0.04257370293101679,0.0419912189199357,0.04210664694414993,0.0439460138855638,0.0451227384657478,0.04781178391873867,0.04997285303874962,0.04813882998734567,0.05794166182153972,0.05326682684086323,0.04835686069975033,0.04039339580697014,0.03661633434795992,0.03173736276890455
3,5,LZ_NORTH,0.0296489987286272,0.026623612015047537,0.024432922809807016,0.024592758502893237,0.0271428168481446,0.03219592304068079,0.04905284293374758,0.047478513590734954,0.04280984880379176,0.04348366594131209,0.04315354777781376,0.0435536593493956,0.04310653727984723,0.04471220695483754,0.04542049845753333,0.04824008365779282,0.053621218658362176,0.05137307217782922,0.059385750386791926,0.056822111231016895,0.05207927432505983,0.04090122258635045,0.03704113836443165,0.033127775578150775
3,6,LZ_NORTH,0.030986332151073322,0.027090224167828476,0.02584502218179949,0.02602021066677577,0.02814345314337447,0.03358268844039238,0.05074801286953494,0.04649208662074001,0.04399853555014954,0.04691065072556357,0.04590882435938187,0.04458389587719602,0.0444580119358957,0.045630830655677,0.04673965837196397,0.048362512181893906,0.0512074892552811,0.04802262554038305,0.05327513299113883,0.05082773936569181,0.047041779831084735,0.041978098292279435,0.03803478383104697,0.03411140099385372
3,7,LZ_NORTH,0.03147643488002502,0.02852408618398771,0.026979652450303527,0.02669202511528542,0.02864497303493735,0.030657322252038672,0.03385873954615325,0.03674751843263946,0.04285751504572338,0.0481129666779564,0.04797540577859992,0.04840476252507622,0.04745642602193681,0.047838887007268856,0.048406846781127076,0.05410207644009068,0.05620196441132795,0.05248782012870283,0.050486934319881216,0.0518635854414715,0.04759086053721701,0.040409556313993185,0.037509314019227274,0.03471432665502958
4,1,LZ_NORTH,0.03375139350239461,0.030925262908396846,0.02855276483349985,0.02733816376360755,0.02750373963307933,0.02909825793771852,0.031881293442401704,0.03447153512646707,0.039686040933530356,0.04216400856911828,0.04261083660043253,0.04365192323176879,0.042697026779061675,0.04592575623376136,0.04841506468232681,0.05089530048051024,0.05232197475308214,0.05009123684040413,0.04933934093999462,0.05662241103415739,0.06949196560104606,0.04776183385482171,0.039938941062929036,0.03486392725548924
4,2,LZ_NORTH,0.02620601356655767,0.02346542876326139,0.021849866332569114,0.02144644921916061,0.02435654496917079,0.030886977866037113,0.046178948634395194,0.04273380436542772,0.04058887534695293,0.041101196141211147,0.039449648146412004,0.04079342486924456,0.04283229117245703,0.04720927215408641,0.05266392608186338,0.06396718116553456,0.07759908104233135,0.06543406639715373,0.04893373826562839,0.048028417231782077,0.05106825041028278,0.03980287486777673,0.034067912335377884,0.029335810655325534
4,3,LZ_NORTH,0.027816110473492202,0.023892748895442937,0.022348513778322747,0.021969778607321723,0.025129392464844063,0.030864823977075018,0.041425467115429486,0.039901110363638075,0.03913003903483213,0.03977974771215709,0.04081446893900795,0.04204588135963834,0.0440420877305498,0.049439587032191444,0.053486403721229994,0.06635084477821498,0.0732967641159934,0.0632016932182341,0.04972939267409002,0.04717031469544775,0.050559052869128165,0.04086259550769868,0.035959962879768326,0.03078321805625159
4,4,LZ_NORTH,0.027963225516104903,0.02551565374416445,0.023136884681020486,0.02329479253727471,0.025087046705760136,0.03058562384318396,0.04051238843527977,0.038874658383271685,0.03847763291611821,0.03974202367941095,0.03957847625686193,0.041562475679370346,0.04284491305480642,0.045547393223271546,0.047817882613555476,0.05685359573107388,0.06940501447676667,0.06227209102711164,0.05135727442016798,0.05220772101742287,0.06289244331953894,0.04312576345628715,0.03872802965960705,0.03261699562256864
4,5,LZ_NORTH,0.02869629854575204,0.025675396989069912,0.022771206932889754,0.022307760294974152,0.024258995283948884,0.03033705828096424,0.03863263978751708,0.037549375763440515,0.037884779687213176,0.03800489055180744,0.03962865346655819,0.04060087159695326,0.042296021157642104,0.04711065383368951,0.0519286858738292,0.06370068372543108,0.07805053268035325,0.06444287821891452,0.05056667399418482,0.04945734817873403,0.053942242537829255,0.04171472989786044,0.03799469245953057,0.032446930260912527
4,6,LZ_NORTH,0.02958394301399041,0.027054590909449876,0.025327366078026343,0.024741847013683548,0.02672629409302646,0.03249574398714792,0.04107771609207203,0.038775125706092,0.039185778768559776,0.041785077273850314,0.041262735603733336,0.04237059633819311,0.043603683693350465,0.04719464165443545,0.053155880066742406,0.06148965526577941,0.06998814295690513,0.05845601217518641,0.048090406851137135,0.0467185548622338,0.049907885102883263,0.041393603063201084,0.037017440345309585,0.032597279085010825
4,7,LZ_NORTH,0.03208784284143857,0.028588709862886426,0.02570937073101177,0.024694012722447346,0.025374751047555096,0.02807240663995842,0.03382533542461053,0.03495798280675771,0.039253993588180915,0.043708689992686664,0.0454956280960945,0.04789201098380487,0.04666967172774147,0.04823467993799762,0.0506103647009581,0.0548442811081316,0.060216594376549484,0.05395426174388601,0.04783336629701349,0.04864634264135669,0.05605052182272286,0.04674441495600499,0.040104916494565594,0.03642984945563932
5,1,LZ_NORTH,0.030592384897038454,0.027685323801468684,0.02496848444856651,0.02298996338500128,0.023202753809002323,0.024310768592563297,0.02782181058858046,0.029100702530808934,0.03227428900593556,0.03522326336683887,0.037499476084183324,0.039959462349528685,0.0448590155971082,0.05257965401136816,0.060285246638072505,0.07580820059903728,0.08075181651017256,0.06714182696699492,0.054562473871377866,0.04798961410779017,0.048144370779790925,0.04212283166020593,0.0370051144930698,0.03312115190549526
5,2,LZ_NORTH,0.02794643906865932,0.02484203489564053,0.022001918026240238,0.02155010333439243,0.024210465971552197,0.027589845537674063,0.032319810956846357,0.0318514783085224,0.03348481271066468,0.03488495243314358,0.037432604308466046,0.04079255098461596,0.045398145907967785,0.05476188394095123,0.06163821205752525,0.07793754852149717,0.0821603155124016,0.06853883128656421,0.052220061932620354,0.04581206646437029,0.04703828182160025,0.04005215787668472,0.03468090708843812,0.03085457105296143
5,3,LZ_NORTH,0.025357820646283415,0.023675067580014305,0.021797821160362767,0.021421686437301593,0.023113864291620073,0.026673006978627144,0.03191061873733544,0.031356269840249834,0.03279140802049462,0.0346223872988129,0.03632141954444001,0.04010247315006404,0.045627969343734864,0.05413084176209264,0.06626654157402527,0.08071474165370757,0.09184541634001206,0.06706250776474014,0.04959751871034627,0.045638250930697816,0.046315122072425205,0.03911715439944822,0.03433450286385036,0.03020558889931327
5,4,LZ_NORTH,0.023532806194189293,0.02177973375212286,0.020386041160680043,0.01981337082960501,0.021678932086704038,0.02401344022205584,0.02848012271507094,0.028445061266229615,0.02938660725698946,0.031217107065247163,0.03244279688099194,0.03702781176384653,0.042176001168714956,0.05207209510417997,0.0694567301546721,0.09401216194006681,0.11471740837457313,0.08701740289622174,0.04800277569803326,0.04151494676868574,0.04107521776446741,0.03444129946494768,0.030349336206424275,0.02696079326528003
5,5,LZ_NORTH,0.025193480986209785,0.02272544922691183,0.021174258253238615,0.020681153363978275,0.022240702047638953,0.025742582532386135,0.03033765148349353,0.02923359799414961,0.031102381947346432,0.032067697450898464,0.034707062264939414,0.03858921855411618,0.044219807772670296,0.05223150856665275,0.06681069786878396,0.0878679481821981,0.10160718763058925,0.07051483493522777,0.051628917676556633,0.0445516088591726,0.04515921437526119,0.0383226076055161,0.03406519013790222,0.029225240284162145
5,6,LZ_NORTH,0.026575814456720245,0.024361087612415542,0.022756318325230826,0.022657381757186065,0.023944464816704127,0.02712132709337071,0.030677597493364902,0.03030272774471824,0.03149904331061726,0.033298055034146734,0.03642681053919522,0.039676286810757036,0.04467848338410262,0.05324511943186811,0.06329852702511356,0.08499195800006537,0.09279887012623944,0.07043285202357051,0.05047852622635961,0.04427275268762549,0.04356476623739693,0.03800616492816661,0.034706766535114314,0.030228298399950625
5,7,LZ_NORTH,0.029284264414742373,0.026530552640747006,0.02458313601875862,0.02349103896293546,0.024250395846067516,0.025284080833957442,0.02872517747880998,0.02980892995349982,0.03210890512837095,0.03492207204294122,0.037004045035704376,0.04032414525412379,0.04508472879068245,0.05161019123693813,0.059438451412633285,0.08077033000732238,0.09407054926119165,0.06855803551870959,0.0492090380158255,0.04448704816700845,0.04483230521139953,0.0395658314436334,0.03496692416653281,0.031089823157464332
6,1,LZ_NORTH,0.031147329768730272,0.029417735949978433,0.02787847553678901,0.026895574309089742,0.02635971256727554,0.026505146810500157,0.026116671449403522,0.027402153988509724,0.030149787509833898,0.032998932180791356,0.036106735069564425,0.04023941014213513,0.04642182958230114,0.05507077474480683,0.06393835930652268,0.07679513683507758,0.0827891750071741,0.06271046482345845,0.05084732527881404,0.045517989923066264,0.04410561844691846,0.039457579076209504,0.037312179971459754,0.033815901721590054
6,2,LZ_NORTH,0.028838746143155233,0.027115989888001485,0.025766820101661977,0.025502599619832214,0.02590618914702273,0.027760571722794964,0.02924233567034575,0.030015640303979373,0.032042298505266985,0.03406121398181234,0.037513501376269326,0.04280275021582845,0.04889143538502634,0.05701936068321803,0.06278769061620475,0.07889352592070675,0.0840734087732814,0.05861823334249555,0.0503344857088658,0.04483521546067276,0.04274951898322538,0.03807775244186181,0.03522262269315195,0.03192809331531859
6,3,LZ_NORTH,0.02910606940141354,0.027135880978523687,0.025992338263811428,0.025506817162056477,0.02595551231198171,0.02763400043222038,0.02886476250652934,0.029945313461532872,0.03158600652594631,0.034111491538268465,0.03783769640103849,0.04215699290906606,0.048508500495696695,0.05876937360025041,0.06592329929517067,0.08097542255356965,0.08150067691914087,0.05896900902332731,0.04988075175335141,0.04419986413161983,0.04107547285006702,0.037546965202382834,0.03512226700559464,0.03169551527743994
6,4,LZ_NORTH,0.02793905195556144,0.025987750211625155,0.024940953409838623,0.024349128031858874,0.024885668037623057,0.026855096133105424,0.028402180237563964,0.029360157916774668,0.03162413922488096,0.03360534944886828,0.037716405979520855,0.04206582403300446,0.0475209495307994,0.05796082170376829,0.06367334139351766,0.08160030307259786,0.08850009878861594,0.061421142213916334,0.05109093446780126,0.04491800544878127,0.041764926597339415,0.037555081450760676,0.03471649479864342,0.03154619591323279
6,5,LZ_NORTH,0.0282441578342485,0.025798322904695012,0.024523049418975866,0.023672583322691867,0.024416634742263653,0.02637636742859575,0.02834716724130592,0.02956029455582514,0.031095219852722084,0.03293321414889541,0.03635891542161495,0.041288043246924616,0.04727535861746052,0.05631294428127528,0.06730345209211254,0.08567147661005405,0.0882066998680458,0.061741795428425485,0.05080662324947857,0.045213467841484695,0.041791171838419953,0.03765462052526284,0.034737155748520834,0.03067126378070063
6,6,LZ_NORTH,0.026976897417946708,0.02497220277560433,0.02372606350121484,0.023073755302063167,0.02334225589918873,0.024711938393114526,0.026369888399291684,0.027275872009224558,0.02903265659103076,0.03138080138368406,0.03575999670551414,0.040613597990363626,0.04774039451468105,0.057384178231684714,0.0715364658402998,0.09483836428777334,0.09358893052752953,0.06363793600461227,0.05116665980315447,0.04424082691594943,0.039262035168636494,0.035138986121978334,0.033549396697277925,0.03067989951818144
6,7,LZ_NORTH,0.030757621086755588,0.028263325459587138,0.02683890672513184,0.025743131309974056,0.025376086733258616,0.025712767525038958,0.02568954816008859,0.02750065862621734,0.03041022366499815,0.03353501435581891,0.03729119316279007,0.04131707382418476,0.04832217761921135,0.055546972328768346,0.06501779407102447,0.08015771307116289,0.08541957838991565,0.06302807310527749,0.050469968877120436,0.04390692606864895,0.0412625976218012,0.038202106710842995,0.03676786439890869,0.033462677103473525
7,1,LZ_NORTH,0.020553749881994363,0.01888683596542098,0.018015077748857033,0.01694641869748749,0.01653859121498604,0.01644310779646388,0.016822883653184805,0.01769841805014228,0.019681452211088482,0.02180528395527924,0.0248995940606077,0.028854333841319506,0.03471604472076495,0.04295782815681938,0.06541153623110224,0.14020634128578946,0.16987579063776992,0.11793281096171222,0.05114782397604823,0.03462110075658472,0.030947956142362003,0.028397955468044075,0.024651984517660385,0.021987080068510703
7,2,LZ_NORTH,0.017969166863832688,0.016805969824193905,0.01605063421462421,0.015345291328885792,0.015525463125663887,0.01642285726730862,0.017236105240128415,0.018024109362300735,0.019607047291136832,0.021336003571757373,0.024719174535983372,0.02907992599096963,0.03509736701687972,0.04667587984719055,0.08615280746267623,0.15968566951146712,0.17491563109131636,0.10423532416569072,0.03935565813688502,0.030979649496558417,0.028255788513948957,0.025093872475986167,0.021699317030095616,0.019731286634519528
7,3,LZ_NORTH,0.02030452931651737,0.01916960054666726,0.018179063238112213,0.017598526375209828,0.0176668597828186,0.018502904169823368,0.01970378953310456,0.020126268253190128,0.021933241231783945,0.023726547528856005,0.02682531901302791,0.03179464325504701,0.038799114636718805,0.05203024496041118,0.07825838941129283,0.12466093260246296,0.16944783635634386,0.09449440705913809,0.044243207510732796,0.035278458636005754,0.03177265772390332,0.028184856722670345,0.024709360191333535,0.022589241944828198
7,4,LZ_NORTH,0.01643670539158426,0.015418970214181163,0.01453005577784119,0.013920851715522747,0.014086625019759358,0.015128995239278112,0.016173418378973174,0.016577843653705213,0.017845008632529344,0.019031083264389435,0.02218744803545804,0.02659814703424887,0.03227703747195198,0.04533053041298596,0.07763168969700952,0.16587081794498587,0.18431117342864356,0.13506059193900366,0.03838858083681133,0.028154260527887894,0.025108753446339747,0.022289067584185127,0.019667488519043916,0.017974855833680622
7,5,LZ_NORTH,0.017756417500047087,0.016678790703806245,0.015880134470874063,0.015394584439798862,0.015434605533269303,0.016263277586304314,0.01725438819518994,0.017708156769685672,0.018795788839294125,0.020661478049607326,0.024075630449931263,0.028452643275514628,0.034564099666647835,0.04432924647343542,0.07170661713467805,0.14058880445222896,0.2091461146580786,0.10906042243441251,0.03925892705802588,0.031132879447049747,0.028353767632822952,0.025845975290506057,0.021909194493097542,0.019748055445693736
7,6,LZ_NORTH,0.020882488186459398,0.019705391847969198,0.018932451570051315,0.018361916839486504,0.018271522129018142,0.019263243807634816,0.020111513010943,0.020829430421619274,0.022492562087410375,0.024977761591156514,0.029392036619028217,0.03542752112812599,0.04144597474974421,0.0546291917271809,0.07493131967106806,0.1322644923026939,0.16193164325793016,0.07545600201226486,0.04212590018065841,0.03666684570932992,0.03263183544494504,0.029165394808723485,0.02633499231644961,0.023768568580108708
7,7,LZ_NORTH,0.02036630167657716,0.018625840538212732,0.017802558824400662,0.016856315822714414,0.01644383659339105,0.016650076208052735,0.017116770187029708,0.01803003720696788,0.0198895472285923,0.021857486749523942,0.0253188470031819,0.03018420159838496,0.03706556239977956,0.04639329391492532,0.07837664272088737,0.15128821511071266,0.16720275925129988,0.10327630351540731,0.0433868904264018,0.0323801784168287,0.029352536160399643,0.02668651187330963,0.023841075888912298,0.0216082106841063
8,1,LZ_NORTH,0.02393671101074353,0.02211861183343341,0.02097033866881649,0.0204440468017004,0.02023990935021295,0.020231137819094348,0.02087385182651187,0.021315618030121438,0.023421582910505667,0.025042721343607188,0.027834460475082073,0.03178164947845274,0.037551722130652755,0.05333888332029565,0.07486182844958404,0.12062131147148815,0.15180729424579584,0.07789598080470027,0.045481186261868485,0.038953572285789245,0.03672002149822536,0.03172662805598151,0.02764786608583182,0.02518306584150481
8,2,LZ_NORTH,0.011261937708578838,0.010480318821870619,0.009999770647462212,0.009763865180025358,0.010007779783702354,0.010473765892219595,0.011364236221464265,0.01163618280198175,0.012388677556907642,0.013592596354459611,0.015283252204423736,0.017367083833449284,0.0208081000035313,0.04310335098619771,0.11884502430590822,0.24629222498537418,0.21747426063840822,0.10433938642007264,0.02631328901368579,0.019114895792036225,0.018361672933815774,0.015595244466141921,0.013719286327712738,0.0124137971205699
8,3,LZ_NORTH,0.011274692508386133,0.010607889132594455,0.010132986572485162,0.009853102350334682,0.00998334550321659,0.010684788015413029,0.011545570555071376,0.01188018461274138,0.012600332258596393,0.013566417772925218,0.015232213842630245,0.01789284590988005,0.024580623975547538,0.06672398289103773,0.13293426738919287,0.21563278081601486,0.2099006965237548,0.09629194972614295,0.028125593195210928,0.019670872781536508,0.018246165101208627,0.016056278897699543,0.013925625617442604,0.012656794050936155
8,4,LZ_NORTH,0.011858676802886721,0.011163069269709777,0.010802970261009463,0.01057660306377222,0.010686081246959874,0.011195744296691939,0.012065506355124319,0.012387877497618428,0.013384634248548489,0.014370611609133915,0.016163695821773558,0.01919674677999399,0.025938918584612152,0.05587631727518571,0.14547292554001376,0.22653899377085984,0.1964584313022716,0.08479910584957093,0.02665035834735777,0.02086654171556692,0.019230769230769232,0.016830333743399307,0.014385096414909511,0.013099990972260585
8,5,LZ_NORTH,0.016632847406058717,0.01582980966184732,0.015382772540517231,0.015070373608998237,0.01512499550806751,0.01578093743636429,0.016878645951870438,0.01731274630763149,0.018511074110896825,0.020095588323371223,0.022813267371800245,0.027031611226237675,0.033899117185534774,0.056180539750607904,0.1045602098630859,0.18277014481990342,0.18503551621288164,0.07063474000694751,0.03421295353545033,0.028469029622797452,0.026336379861768264,0.023259346214199294,0.019982990548974042,0.018194362924188155
8,6,LZ_NORTH,0.011949536998206263,0.011208277968825182,0.010831210720628853,0.010631089176220262,0.010674130023087551,0.01105230088274202,0.012040401008259427,0.012530772366157681,0.013468474235086897,0.014542656054338885,0.016857665023021332,0.019979046097114865,0.025365405753788695,0.06407788848226938,0.14379799790166675,0.20151503780972851,0.2009529317070515,0.09598329573696966,0.02778268271759171,0.020775485699402726,0.018791928038647,0.01668954821089868,0.015007276478213974,0.013494960910082152
8,7,LZ_NORTH,0.02331676554666513,0.021554163733785353,0.020524183701320153,0.019910792524384806,0.019665148750951687,0.02001134845502995,0.02078131958111272,0.02152686998118167,0.023713243216065962,0.025735135678680705,0.028431471133265333,0.034165313949980604,0.04237714220045106,0.05877494146208323,0.07973510694841479,0.12742016577363421,0.14947782741729274,0.0716295806817692,0.04189662850329679,0.0358302328588051,0.03329119561001537,0.029284760030454077,0.02664373033772427,0.02430293192363495
9,1,LZ_NORTH,0.028717586379930212,0.027489895940712314,0.026673486192656887,0.026116323888817128,0.02585531883481017,0.02594847215374868,0.027071584810384665,0.02737653010917394,0.029002319166119617,0.03145242721518154,0.034139812586067964,0.039018937366696295,0.045482547374174925,0.05382416344364973,0.06604218790782042,0.08643221909660617,0.09106527850645353,0.06338556070828161,0.05107877694965064,0.047067032601025224,0.04347359938272745,0.03824383144873624,0.03381641238447012,0.031225695552104787
9,2,LZ_NORTH,0.024870786872628246,0.02354902142266779,0.02238151606821868,0.0220543222866867,0.022476507811244096,0.023980949690099583,0.026895653600024674,0.026918386666731617,0.028028247459173847,0.030023885957947073,0.033587294164259394,0.03789521030522389,0.04518684145147383,0.06462848485734188,0.07986369902718712,0.10199433946638996,0.10389417432689825,0.06290726694953096,0.04772401407501587,0.04347617818177684,0.038837008783082695,0.03292235196308149,0.029216862089850817,0.026686996523464582
9,3,LZ_NORTH,0.02276399634078485,0.02162127751877549,0.02066639212074153,0.020385034941732348,0.02089037758447789,0.022260225525855,0.025414098038044525,0.025330791163812757,0.02592179842251361,0.027961245013376265,0.03035828243230924,0.03440495314381282,0.040681261611877996,0.06277015790582237,0.0857518523990808,0.1187798843763459,0.1274139345679517,0.0706481589180795,0.041664439910594445,0.037829180040301676,0.03443324604449531,0.030069852028129437,0.0270197201517757,0.024959839799309026
9,4,LZ_NORTH,0.021391344260353273,0.02028457631886761,0.019570174269681218,0.019048253601622763,0.019487999526199673,0.020770961962717834,0.02334651090481055,0.023383526555027463,0.024107552673270253,0.02552155051155628,0.027792090495861645,0.03183716075156576,0.03737100045899405,0.05183005374672411,0.07789129243844296,0.1315884155821081,0.1725602984942033,0.06523564162928085,0.03932616710345133,0.036717304076163394,0.03283584299441803,0.028846296214039287,0.025640000592250398,0.023615984838389666
9,5,LZ_NORTH,0.010700282189913505,0.010029600507145603,0.00956988921672478,0.009181295365014509,0.009568528117419317,0.010264049862511957,0.011714641447311337,0.011802772627340198,0.012134540583047306,0.012805562540641576,0.014133314913122735,0.016481551489876317,0.01993397987818842,0.04509015751661988,0.1273029374904936,0.21264760696624238,0.24226002373076644,0.10921937211808488,0.032590161770055207,0.01818905056858222,0.016375385744050043,0.014096565231875177,0.012492509700384615,0.011416220424588123
9,6,LZ_NORTH,0.013240093583807644,0.012340627365399552,0.011576326835550052,0.01144894341390847,0.011781942519357368,0.013014817436209991,0.014737565575838604,0.014685137672397696,0.015100055376973013,0.016024916361110298,0.017419170918241963,0.019522840543808432,0.022748794977406856,0.04365155432349983,0.11363051762724417,0.20051707019768603,0.2202316002634503,0.10681775733089545,0.033516175646583504,0.021258286066301642,0.019382350146306623,0.017198400293596264,0.015566581798997977,0.01458847372542852
9,7,LZ_NORTH,0.030453207844746335,0.028563735129446734,0.02717067259916526,0.026489253452203113,0.02648742168030268,0.026699907220753237,0.028903528816977588,0.02929461211772065,0.031401149803221895,0.034325573642267765,0.03741577283830307,0.042105108903418904,0.046368558001683394,0.05467014825445876,0.0662130588850554,0.0814827094470888,0.08240042716920716,0.05953258676416578,0.04829832969879258,0.04508814944327872,0.04284148120739413,0.03771251988617368,0.033990359384488,0.03209172780968622
10,1,LZ_NORTH,0.03190999793441032,0.029376528176084313,0.027876813996051363,0.025761265870213716,0.026039880291872625,0.027135123190807645,0.030246958058922146,0.03188597944978455,0.035800992443784735,0.038214369778981905,0.039300005284066616,0.042668357567984316,0.045432404778717704,0.05104792648422226,0.061710212179293185,0.07678901682735033,0.07625484572927325,0.0567662473039251,0.051285229112324845,0.04901211972734216,0.0419266667627406,0.038291228929784364,0.03424843759757509,0.031019392524486843
10,2,LZ_NORTH,0.02732136067259079,0.025631434043571936,0.023569195454097365,0.02520719204607866,0.027027383852751056,0.030142305904885293,0.03442697404554351,0.0355835175822783,0.035991036347505244,0.03701555436634792,0.039108598909997315,0.042009639623146355,0.04506911095776591,0.052284745595628714,0.06127304285372276,0.07374857412440676,0.07454600825247502,0.05871526848709317,0.0530953822754862,0.05006231604444506,0.04343991606697741,0.03885070906504809,0.03412419552451097,0.031756537903646014
10,3,LZ_NORTH,0.026953095963725564,0.024197824524889118,0.022687215573560626,0.02277806685002106,0.02412679534511096,0.028895661438588665,0.035614526293185324,0.03545925320250749,0.035238732376917166,0.035930853919406654,0.038639873799317784,0.040383392386663025,0.043676338198006225,0.05150689230820056,0.0607340783138003,0.07994912328518215,0.08681665386489588,0.05629723233975073,0.05509303996630243,0.052000792883867296,0.0427645217506215,0.03734648199079924,0.03288320655450663,0.030026346870173526
10,4,LZ_NORTH,0.024387134983806416,0.02272541797467941,0.021411122622745936,0.021440657349755674,0.022331362537996814,0.025838999985232636,0.03192004483060668,0.031070532814247553,0.031004468293304707,0.031958129083856084,0.03294676520902426,0.03445614520515365,0.038097466153591455,0.04838410067922099,0.06032934329534494,0.10276452817107756,0.1312235693339375,0.07449435381514835,0.04583867354877621,0.04258208128112319,0.03711038448773959,0.032323427023187086,0.028481580822946308,0.026879710497496934
10,5,LZ_NORTH,0.025430217401137375,0.0235049816810655,0.02233635290779675,0.021775476888536174,0.02299591678968383,0.026375976084641293,0.03660744024244318,0.03483270351287671,0.0323087614262041,0.033039051609640165,0.034182186018397065,0.035797377370050704,0.03999819072251851,0.050496934508267165,0.06288390606560275,0.10350465272152341,0.11404122685461221,0.0628534773079596,0.045674387621252435,0.04675255252044689,0.037892027254298064,0.0322692862811535,0.028465691575757325,0.025981224634135307
10,6,LZ_NORTH,0.02987458087517508,0.02714125037137643,0.025757607911378974,0.025637706379185943,0.026470650651500362,0.030287339247060823,0.03729998726709392,0.03686176308306099,0.036776877042570356,0.0380798777641017,0.03978714825346972,0.04176499299690166,0.04462883578795467,0.05020478757268367,0.0564980263995586,0.07584461610288187,0.07283116166546412,0.05191099698654557,0.049400492339034846,0.05013900089130342,0.04311043673867833,0.03923645006578668,0.036528585374135225,0.03392682823309707
10,7,LZ_NORTH,0.029031056479024066,0.02564639811461993,0.024279103584872543,0.023105218104519678,0.023168792375385473,0.024314920075501158,0.02817414694073445,0.02983871834269934,0.03280074211768582,0.03474915920788249,0.036739660674567784,0.03958080379368269,0.042036024226274255,0.045567530202255714,0.05639664614381753,0.09328942231582264,0.10478830663213956,0.07204397548719381,0.05054512698736752,0.04702884301990322,0.03948768091804829,0.03619435460474711,0.03210948384855355,0.029083885802701277
11,1,LZ_NORTH,0.03313435561939078,0.03058674507171381,0.029216870685043934,0.02956437994503898,0.031048114020990503,0.03319958773304173,0.03743255888977315,0.03886647935166395,0.04247559429420632,0.044485929433085485,0.042785150324440815,0.04226566549209328,0.042511175447106836,0.04236529272021472,0.043349704617129003,0.045980337854907176,0.046912564060900705,0.07126549114444405,0.059982707559690346,0.04952659276065863,0.04604912808384817,0.04328803061876811,0.038260413713925155,0.03544713055792434
11,2,LZ_NORTH,0.025369342584123565,0.023442570628669588,0.02363856799823495,0.025081237161101264,0.02753923695974877,0.033519834291185685,0.05009285777017111,0.04593514307807977,0.04351891321065111,0.042695295848925646,0.04310014287458524,0.042899861409510257,0.04270921915933192,0.045758424138307725,0.04783513943659859,0.049730851699607774,0.05062836970887428,0.07137624426198955,0.06033077501429815,0.04983366999183879,0.04537285554244145,0.041621058899887105,0.03612991948042489,0.03184046885141257
11,3,LZ_NORTH,0.023786989304005825,0.022192185086717477,0.02150004750877049,0.02296909321593388,0.02591277389737733,0.03382531304553576,0.06687278641733567,0.0601246779184824,0.04846546671311969,0.043951201971893436,0.042821238469807704,0.04095628634188057,0.04100752129044999,0.041446278759108175,0.042745783363732734,0.0436549708147102,0.04635924455465651,0.06924543030835986,0.06250197953210382,0.051228427757790976,0.04482778536469036,0.03941644325123942,0.03355889131297474,0.03062918379932295
11,4,LZ_NORTH,0.02953703555505761,0.027601274028073434,0.026244373665107033,0.026610718979354842,0.029358308836213418,0.03543412808926022,0.06268772974386061,0.055203437243802805,0.04833357341400044,0.04468523646167334,0.041994554614795024,0.039999217514862774,0.03938923478288705,0.04016549560652379,0.03969155858590709,0.04122362891709392,0.04459542850842328,0.0678112290173943,0.05937550572547932,0.04820375201623301,0.04445226929581673,0.04007035252733807,0.0349512991920841,0.03238065767875784
11,5,LZ_NORTH,0.03140504447537928,0.029168298610291864,0.028089564212066157,0.02883325861784206,0.02948351933558266,0.03506972135054149,0.053606398791968476,0.047889012103909584,0.04444612226600288,0.04613736639690442,0.044978411155416086,0.04376282943633061,0.04246891442323573,0.04261803081424156,0.04310124342307057,0.04323903451855697,0.045665479083594834,0.06387938560271805,0.05587995186749404,0.04766439374277422,0.04278979779628624,0.04086261000872991,0.03576905834886629,0.03319255361819597
11,6,LZ_NORTH,0.03092680438282338,0.02882452916042602,0.02787710379353228,0.028793695790497526,0.030466172522982535,0.035153779096657005,0.05924585314533075,0.05434334732670011,0.046202403321034244,0.04516901825615803,0.04309851074823245,0.04289762667142559,0.04210156512054446,0.042377196760814334,0.04321810684977328,0.04392820870267194,0.04664808566818248,0.0627328269808805,0.05296799215898059,0.04583427157097888,0.04114386196367455,0.03892479367336622,0.03462307139606958,0.032501174938263176
11,7,LZ_NORTH,0.03321860536819633,0.03046379366393308,0.028444045261131794,0.02879370303219197,0.030296226042019255,0.03303428098409113,0.040924481741273354,0.04501313171597064,0.05134271935439546,0.05517108095638661,0.04850188960421644,0.04544322194554946,0.04270851835591586,0.041416013432220566,0.04165284233785877,0.043913888116215966,0.0455940328052719,0.0616000920504803,0.05294243158493276,0.04750988928248661,0.042242680366995425,0.04009334633658079,0.036189020745988704,0.03349006491569673
12,1,LZ_NORTH,0.032877544090180934,0.030255018049475498,0.029730881951262726,0.030118447375997517,0.03157735436767778,0.03361207284753546,0.03876577022168742,0.0398657178080776,0.045627523789134886,0.04794276581451488,0.045131070935546025,0.04275123467271023,0.04019053454499819,0.038595979654660745,0.03803585533843689,0.03776363676630174,0.040878001786492056,0.06906969533666517,0.06130731354411971,0.05254741217029255,0.049754172787739644,0.04543281830194668,0.04026435653066196,0.0379048213138837
12,2,LZ_NORTH,0.0315060057628271,0.02936585765211959,0.02879010886724319,0.02966307572653801,0.03231401178549754,0.037842801894364786,0.06705204163900641,0.06171724416553801,0.05027256855148013,0.048120852072606635,0.043401847735358455,0.04037182515034429,0.037928229843898216,0.036986742650081776,0.03664503085194802,0.03620543286164053,0.03810175536638802,0.06442958156322469,0.054826946110981586,0.045935320363709495,0.042256579286925784,0.03907527804127949,0.03505215554293911,0.032138706514059125
