Month,DayOfWeek,SettlementPoint,X1,X2,X3,X4,X5,X6,X7,X8,X9,X10,X11,X12,X13,X14,X15,X16,X17,X18,X19,X20,X21,X22,X23,X24
1,1,LZ_HOUSTON,0.03536947326206793,0.032333356357649425,0.030873545988665856,0.03129520025484826,0.032711711163734856,0.03532101910434037,0.04415307802459617,0.048073741042424206,0.05159543046364445,0.04952221107662047,0.04542628833935231,0.04267471074414247,0.04021695091387635,0.038808687521198704,0.037517951234498546,0.03744269264909191,0.0384488896265834,0.05310163311130334,0.06430897669973579,0.04974489401426203,0.04512731587677799,0.04216955037634448,0.03808806079244199,0.03567463136179896
1,2,LZ_HOUSTON,0.031239195884110733,0.030036610184695486,0.029842252899941506,0.03067200900023734,0.03333320874533029,0.0377445584632319,0.06264097911219835,0.05784932451499448,0.04879395698350019,0.047788531798907484,0.04421628228153027,0.04030577633587929,0.03909664976630405,0.038305204476945305,0.03782024567508321,0.03670829774788496,0.03798189860903724,0.05571886966288356,0.05843333077927927,0.04664574834095501,0.043578080235919844,0.04075055550675859,0.036988620754741665,0.03350981223965001
1,3,LZ_HOUSTON,0.026044590330304616,0.02504558933130362,0.024902082044939187,0.02626659055230484,0.0299874728446157,0.036278007706579136,0.06419532848104277,0.06213151927437642,0.04929911358482787,0.04697524697524698,0.04258519258519258,0.03954299668585383,0.03797551654694512,0.0370542156256442,0.036888508317079745,0.036678400964115246,0.038785817357245934,0.06216957645529074,0.06854732569018283,0.05130345844631559,0.045329273900702474,0.04174159174159174,0.036859965431394005,0.03341261912690484
1,4,LZ_HOUSTON,0.023649490135121222,0.022948445434938004,0.0232012709946657,0.024180735940870036,0.02876780313316417,0.043890517168728306,0.14150115956414128,0.14197809469409672,0.06492123391358362,0.03754490774988374,0.035819451337322374,0.03295971333951353,0.030924623648865883,0.029681720712031696,0.028481891759447413,0.028159149007893784,0.028902643431685606,0.040028840841628215,0.04293165282368697,0.034673933060531445,0.03227427515536287,0.02990208471841164,0.02754550079749298,0.025130860636933143
1,5,LZ_HOUSTON,0.02948459220409482,0.028230228577821186,0.028481277477742525,0.02950397141742208,0.03286538405636884,0.04272764189327866,0.0799524680749482,0.07073500951783634,0.051671148843809696,0.045633643019034775,0.043189219519800696,0.03949395588762522,0.0377727293948312,0.03681345833513178,0.03556526082218954,0.03550712318220776,0.036552719828546805,0.051886962810408735,0.053685706156511796,0.04335306195974936,0.04108833662045897,0.03797004502143604,0.03531773541560043,0.03251831996314425
1,6,LZ_HOUSTON,0.03288055957890274,0.030887530763886433,0.030712858617617154,0.03151458414290929,0.03420728284719523,0.040856600055738074,0.06589359522379623,0.057833162586403836,0.04768058941055019,0.04578078449382367,0.043716120472753105,0.041151972617687806,0.03949062461974462,0.03831894741387092,0.0372561949733674,0.036476058140310796,0.03771152011869855,0.0553494816751255,0.054945184347805605,0.044894666807974465,0.04216271593598756,0.03975459544753359,0.03650647857027904,0.034017891138038096
1,7,LZ_HOUSTON,0.036663427401723805,0.033996921844967894,0.03256126869958701,0.03221720346645722,0.03398463380092754,0.036412546502566666,0.043931805451590734,0.04866679842180554,0.05650759452321877,0.05478522035022973,0.04813738852440047,0.04450217549579697,0.0402494882541659,0.037883015772728526,0.036904068264180655,0.03609715337219768,0.037077124884415585,0.049702066132205014,0.05629664976719276,0.046653607206528225,0.04288629770449097,0.04077173012588077,0.037830791585557036,0.035281022447184444
2,1,LZ_HOUSTON,0.031007762485628178,0.02861438611052528,0.026453680207362457,0.027263264598031148,0.028459272462565226,0.03053561831157434,0.03735653688371239,0.040249270353563876,0.04741715366455994,0.04955200729306275,0.04731102327385042,0.045486396941267715,0.04525780840743185,0.04472715645388431,0.045366660090210835,0.045067317962568625,0.044046833436515664,0.05091401397383478,0.07330480512147168,0.051511337583084446,0.04564014994319303,0.04234058330895509,0.03817700644265897,0.033939954690487044
2,2,LZ_HOUSTON,0.027348908770680486,0.02534233769698038,0.024770732880733465,0.026024690946375134,0.02907682249646022,0.035465697161386665,0.05801074378885871,0.053708226703233504,0.04714548890669862,0.04682038866745818,0.04436248795759645,0.044025479284684206,0.043871860490317854,0.044859069641710964,0.04475903879886775,0.04556523975844933,0.04444346530656476,0.05022739154096322,0.06886170855061263,0.047976697576991,0.04303350675982238,0.0395086103929664,0.0348154966829058,0.029975909238681927
2,3,LZ_HOUSTON,0.0257143773926737,0.023407784411923694,0.022416776298738967,0.02402855288132832,0.027535956440071778,0.03397072144896987,0.05112269001315585,0.046225653658091094,0.044269554206786244,0.0448434256546454,0.04435841172129347,0.044118990084982344,0.04432015362476953,0.046134327879292,0.047131506653206395,0.04827431302034097,0.047871985940766595,0.05307015053943916,0.0763841409082719,0.04903577255438203,0.04461017467906393,0.04150139580345705,0.036563633087576486,0.03308955109677324
2,4,LZ_HOUSTON,0.028109355526270696,0.025943399133863992,0.02508416657523709,0.025947097408865256,0.029174458726634604,0.03528524178705579,0.0568338574610849,0.04808743708309654,0.04382825703997465,0.04336473990648295,0.04352006745653602,0.0441389121400808,0.043902222539999924,0.044694886148604084,0.04569218764061149,0.047658437182949966,0.04541728253218424,0.05005615214210252,0.07052733703243018,0.050033962492094936,0.04544686873219434,0.04098798183900423,0.03465530227850723,0.03161038919413355
2,5,LZ_HOUSTON,0.026631156830905754,0.0252818481381126,0.02494391097002607,0.025929662709426492,0.028060984848946962,0.03631299569709605,0.06740565514060991,0.05531067649653095,0.04637547137354989,0.04480534453121282,0.04451986692351518,0.04336697658473622,0.04258252315845593,0.04293266022430732,0.04283262106263549,0.04308393895659154,0.04314005848630988,0.048775191263897205,0.06698475866772237,0.04785531897242701,0.044245369223805904,0.041097795600472865,0.03598359845744492,0.031541615681260585
2,6,LZ_HOUSTON,0.02938847201271915,0.027472692048255132,0.026514203010374448,0.02794235167681667,0.030592573866556762,0.03550602829699263,0.06392522827015493,0.052308341131041027,0.04810896103382628,0.04706300987123898,0.04493636231844121,0.04429417466306115,0.04293072400667588,0.04325900650215001,0.04416358053164991,0.04319191226949837,0.042996620128030176,0.04919205364663145,0.06302065424065503,0.044614070379453835,0.04160441480050848,0.03967904994566566,0.03526400981492775,0.032031505534675146
2,7,LZ_HOUSTON,0.03341840897667708,0.03064550872406117,0.029832176870304244,0.030259078180382117,0.03191837960273373,0.035200428206818665,0.0395699654692977,0.0430125916303844,0.04928294940501445,0.054051972297107634,0.05113546609920559,0.045476086346338374,0.043734537882595605,0.04485466425582745,0.044605312114466986,0.04416143919267348,0.04292512255461921,0.04824245905598673,0.06301298328296245,0.04452698159885637,0.04254521955390771,0.03922139467483044,0.03605423082697441,0.03231264319797384
3,1,LZ_HOUSTON,0.0327037348204479,0.029508104766182416,0.027010003047974455,0.025915701852830268,0.026347862561511136,0.0274952867756266,0.032569689935621336,0.03402917064161306,0.038915910962850596,0.04312599270548359,0.04481388589521979,0.043351188111992234,0.04332545149410553,0.0445071911987366,0.04706905703754206,0.0524083328899541,0.05810792139277997,0.05244908253494138,0.05515249977212369,0.06353513068963824,0.057370138346694514,0.04590233036001157,0.039324479771801986,0.035061852434316976
3,2,LZ_HOUSTON,0.023602190968781085,0.021447260277750707,0.020253958214202315,0.020763272037935602,0.023221584609529132,0.02964500642617983,0.04810441484989951,0.04608003030141449,0.03989471729405426,0.04037828962489129,0.04120293673660385,0.0427869578887563,0.04267020183169108,0.04704809430212054,0.05230671356521515,0.05901696915985283,0.0657069992957863,0.06012845004955236,0.0653126028510542,0.05934976988944029,0.04942550503889723,0.03861499736149697,0.033553116651252414,0.02948596077364218
3,3,LZ_HOUSTON,0.024197496804803053,0.02188656688967055,0.02085116129762887,0.02103933945210355,0.023692566281710358,0.02927149509672442,0.09188117699049488,0.08205419019957953,0.0487594291304892,0.03930113528476634,0.03638394814797785,0.03774887838156569,0.039056759129407814,0.044027727753042145,0.04908469634772598,0.053352338475450414,0.056256753339310746,0.04780491460032577,0.050934121467721485,0.04764824138574052,0.04089681791592268,0.0348316912447772,0.03142319734268604,0.027615357040374856
3,4,LZ_HOUSTON,0.028498815804437156,0.02604043570485595,0.0247904789687857,0.02495562356920004,0.027128214509980375,0.03306946456560543,0.05582579716880844,0.04857031253862852,0.04075214959925241,0.04191607292073554,0.04199518410656277,0.04222065098617039,0.04372870796600198,0.04860986813154213,0.052437860635757276,0.056105652988672275,0.05699565382922864,0.04845560131917903,0.05523048549545853,0.050808170207716316,0.04703852220304876,0.038826781114182175,0.035040321982526323,0.030959173683664038
3,5,LZ_HOUSTON,0.028776042551497773,0.02535499221914914,0.023153249269726128,0.023261977316611216,0.025758839250436608,0.03047685985634306,0.046650156830499764,0.04489788786061064,0.041013772542867484,0.04180690481344888,0.04184185311423337,0.042881565062572014,0.04346791988684516,0.046961779179161486,0.05055660022929968,0.05459604132830724,0.059785863994804345,0.05376116525401104,0.059186888950803464,0.05597649920929469,0.05088763830061945,0.040437125579923364,0.036474376585415094,0.03203400081351877
3,6,LZ_HOUSTON,0.0290386669824865,0.02602806607079843,0.02467745288080863,0.02465811697257685,0.026769598151487176,0.03228226558836752,0.0488076995586579,0.043915714776017675,0.041654380308311055,0.04498885768288144,0.04371462133040717,0.04353383058844003,0.04441264761757441,0.04819475126771049,0.05175932595023904,0.05760457100870599,0.05797872083299093,0.05042901546389261,0.05259947116290986,0.04909870497754618,0.04612097510985213,0.041369175661892306,0.037024397082211453,0.03333897297323427
3,7,LZ_HOUSTON,0.030172906798345084,0.027243469652569345,0.02571318138254446,0.025377937818234882,0.02713698052037689,0.028903911306385005,0.03245650707758325,0.03466812859154318,0.04029036036711142,0.0458061030104872,0.04657223315598291,0.048582708531357106,0.048211968589650045,0.04934883867685281,0.05197557060426666,0.058876657976627604,0.06096009812776329,0.053996892094956755,0.05079728807676683,0.05170343171088595,0.048887385770685514,0.040660114298335215,0.03733331492780431,0.03432401093288424
4,1,LZ_HOUSTON,0.0339456595773795,0.030333789114555625,0.02778903898920728,0.026421695322336722,0.02615312819434049,0.028174019244928118,0.032078964862637616,0.03371385448971736,0.038018076712166504,0.04086611367027105,0.04185154058478195,0.043323043365932415,0.04413997759557876,0.04683586055341168,0.05119011999742666,0.05575167650221441,0.05982409363700141,0.05460388390956131,0.04971555371291503,0.053940124847973656,0.0652801931232519,0.04474042425436881,0.0381589978667805,0.03315016987126138
4,2,LZ_HOUSTON,0.024741960406346443,0.022402732985936338,0.02085410955438918,0.021095063698500338,0.023244786258239385,0.02877987166833734,0.04301760337232903,0.03907401579664499,0.03778778371064237,0.038914523017980665,0.03788810981335057,0.03931582742881348,0.042377059793499726,0.04846779746475081,0.057545166039699974,0.07313344143399443,0.08545725979401421,0.06810770392995352,0.04939902949501671,0.04698691558973312,0.049212097098517656,0.03788982478946524,0.034464160000411595,0.02984315685943284
4,3,LZ_HOUSTON,0.02763252727122576,0.023296909135954478,0.021503539816364988,0.02107373178477316,0.023752055195609578,0.029569478749840467,0.038879796394867834,0.03699258252689585,0.036147043145969567,0.03786815216330454,0.03907123927356812,0.04226758459147592,0.044579914263620596,0.051442766086832487,0.06069020788444358,0.07757565747490597,0.08070255782701072,0.06323433359109303,0.04755572489282953,0.04368369882656777,0.04757261691153838,0.03954609268838355,0.035170121397307796,0.030191668105616413
4,4,LZ_HOUSTON,0.02656681111770897,0.024134241311313538,0.02181537932247634,0.021944636927051085,0.02322069132409352,0.028493040984379266,0.03836715573986372,0.03541949923854636,0.035294129080725746,0.037587722665661114,0.03888904546660537,0.04210785137902314,0.04511090399658682,0.05089445290504037,0.059890004694091954,0.07106155480376654,0.07826207805409964,0.06547723754146205,0.0471586165743236,0.047364651252292375,0.056755750748576465,0.039169913494591105,0.03546420487621883,0.02955042650150201
4,5,LZ_HOUSTON,0.028134855244433047,0.024324288430281442,0.021535321298208013,0.020872303104539275,0.022723441728464935,0.02838106076781389,0.03786048421781731,0.03543009857415332,0.035508761749673344,0.03663865099805181,0.03948380611263954,0.04077919450951467,0.043407770491501824,0.04920228388824926,0.05777861321929556,0.07155999293053021,0.08501956874191022,0.06606991623904207,0.048206224198223034,0.04683625902455619,0.05134560002124928,0.04001605954700227,0.03719440122510234,0.031691043737747185
4,6,LZ_HOUSTON,0.028414366714740114,0.026063377916510266,0.023648181441017845,0.02327083786079776,0.02473082166070688,0.030063022304759275,0.037693857794812026,0.034852915028547725,0.03520852677954048,0.03821838512752633,0.0402532745915404,0.04205504079657033,0.04537408380583599,0.05095521267558331,0.061588991840685954,0.0714680838453484,0.07863958749036887,0.06095876879309325,0.04643696781713654,0.04449394472212894,0.04680542110358181,0.03954402671039375,0.03698164648240711,0.03228065669636684
4,7,LZ_HOUSTON,0.03106304186525311,0.02732256613632826,0.024382324939146844,0.02277899107423369,0.023053057077348685,0.02574883521948676,0.031297000648400054,0.03160830907005681,0.03638775278291585,0.04102586629207797,0.04378180526416811,0.047655016792511024,0.04926980986312934,0.053957579930347124,0.05990968236036719,0.06670976601256884,0.06998900871186113,0.05610713593387274,0.046927357230233585,0.04642315217920669,0.052128881686565896,0.04280681784542104,0.03707530512522524,0.03259093595927398
5,1,LZ_HOUSTON,0.02849437260881513,0.025452487600907764,0.022657527560477404,0.020678284630506093,0.020808953095785752,0.021719789162588085,0.026629464585963523,0.027547026235537595,0.030833914615844327,0.033747052753549674,0.03726165015055698,0.04017767068087879,0.046885959096927186,0.05744896723872553,0.0698086667781192,0.08443008372389754,0.08867873044056411,0.06884402604914289,0.051378648388454295,0.04570417812417732,0.04553796014996129,0.040098885282695465,0.03452241636737824,0.03065328467854597
5,2,LZ_HOUSTON,0.026558729733948846,0.023175219107513214,0.020554403336232468,0.020310876207042663,0.022480319350594323,0.02592448874913584,0.03029102829999331,0.03075221337615129,0.032282063290292366,0.03366740260029883,0.03735777525032894,0.040697575879217684,0.046854441247965034,0.05747507861109254,0.06852032737896123,0.08722107000289914,0.08931290559978591,0.06790927945407106,0.04804085546709485,0.042621707812047015,0.04461185076157981,0.03786356236480007,0.035294484957962585,0.03022234116099106
5,3,LZ_HOUSTON,0.024360495650811373,0.022321924209866558,0.020513272761488715,0.020122723733018794,0.02150381848289025,0.024995925219309816,0.031162032965172632,0.03054707572477947,0.03170376226272768,0.03348721699959134,0.0372234168788046,0.041066702781953165,0.04758084010560571,0.05805086113698586,0.07392478939092462,0.09043493461059664,0.09529711253560019,0.06589176280130739,0.04606116344240622,0.04209268137892153,0.042911574503132655,0.03671475826511192,0.03332186358027948,0.028709290578713346
5,4,LZ_HOUSTON,0.023529548903268627,0.021481384468646354,0.020116170076502744,0.019591615073996538,0.020805977047118753,0.02340201003991418,0.028384939717316277,0.02786038471481007,0.02891978011202849,0.031104397416583753,0.03353517844126938,0.03783927223307521,0.04339612679557234,0.05502959107337667,0.07440109875416472,0.09954682561940345,0.11798099122381767,0.08349269977145858,0.044094847772766885,0.037944183233576456,0.03889592485903869,0.032488125514698166,0.03000111767928638,0.02615780945830953
5,5,LZ_HOUSTON,0.02520636757022666,0.022445452702708115,0.020790185692756483,0.02025659042236549,0.021726781595289617,0.025537260733397054,0.031086331067823485,0.029631362582793395,0.030362852795806868,0.03246758969568245,0.03539915890643415,0.038658416503957495,0.04619765298200438,0.0546206065520051,0.07194001940492109,0.09322854782768238,0.10395493443428083,0.06699665180985741,0.04640916822432153,0.041771856775337964,0.04278296372914191,0.03622358763501122,0.03329602439475794,0.029009635961436925
5,6,LZ_HOUSTON,0.026502175346417797,0.023961047501725747,0.022445483093677013,0.022368974170071602,0.023586239741141945,0.026989597365342146,0.030464306008185595,0.029574567402212572,0.030859745388618052,0.03263750329891005,0.035881825520110246,0.03964021893587263,0.04569903796475947,0.056106830527576305,0.06886834705479329,0.09141097069192436,0.09825980883084909,0.06761927440312293,0.046097056297673016,0.0416965037141214,0.041364678494888944,0.03557922842899671,0.033233241322039815,0.029153338496969303
5,7,LZ_HOUSTON,0.02687204204291397,0.023857829331320232,0.022160179727650185,0.021061380331581548,0.02166023053918295,0.02246414157544787,0.027038994222002847,0.02750264945849424,0.029811852152957233,0.03294583490607126,0.03760325629337127,0.04019010772044947,0.04667765163613136,0.05748871258093552,0.07012263726372639,0.09197068900438432,0.10385514357887402,0.06964900119044164,0.04716761998780524,0.04171354635463547,0.04153933538515142,0.03624767718707355,0.032048466943468544,0.028351020585929566
6,1,LZ_HOUSTON,0.02792360604419677,0.025777917885903966,0.0243627128209952,0.02352545377660607,0.02300343801613673,0.02310343454168118,0.023533080630249288,0.0244906744765648,0.027210071514464328,0.03071503447761561,0.03549029228645446,0.04139771414722031,0.05100077031221796,0.06295289739932765,0.07564059214891687,0.09022991574021581,0.09094514512631341,0.06488503365561027,0.048836438733908395,0.04283241006032841,0.04183413966124906,0.0364673769809693,0.033437821228245464,0.030404028334608715
6,2,LZ_HOUSTON,0.0256334205761386,0.024035322833388644,0.02272626064453248,0.022454869702940347,0.022795158654472278,0.02445795330899497,0.026272827717165263,0.02678116059537963,0.028868266164775468,0.031386404406111755,0.0361168409422223,0.04269912155037326,0.05239273546104951,0.0645179449908206,0.07785391101233861,0.0943264169253843,0.09430289077564874,0.06201409048325232,0.047285880529170314,0.04055404082627199,0.038371150218667154,0.03416249007490557,0.031598979973365034,0.028391861632630765
6,3,LZ_HOUSTON,0.026180067444733744,0.02437418903480279,0.023289455772349036,0.022758720514468565,0.023164526206776524,0.02471796073592991,0.0267469891974697,0.027359574860380438,0.029218871429383775,0.03234555690153999,0.03725141170409097,0.04383993851742207,0.05193795911615348,0.06519083206537003,0.0776286472971273,0.09241427677843697,0.08978644798535997,0.059427701968028365,0.04724405378347035,0.040276430357367485,0.038230170231610794,0.03476746730722506,0.032338664235853236,0.02951008655464936
6,4,LZ_HOUSTON,0.02568581641007209,0.0236514307394317,0.022583518041494444,0.021935741528385157,0.022307953433574956,0.02401166157471196,0.026560434513468723,0.02695181613051379,0.02937678468020528,0.032689151141196915,0.038200443299586655,0.04337546676251523,0.05055771880428923,0.06442620659358214,0.07556141296751134,0.09389644361908187,0.09611693524231714,0.06358593422392621,0.047155893687973,0.040154156432836124,0.037238762754847346,0.03365482537590607,0.031747439046306836,0.028574052996265902
6,5,LZ_HOUSTON,0.025812636594010195,0.023354503077136227,0.02206361053630514,0.02120400869434376,0.021721706510776307,0.023488583087147536,0.026080796614032814,0.026779502443980627,0.028176914103876252,0.030996318758836246,0.035402336865596705,0.041449345317106666,0.049923946838765804,0.06409471411907199,0.08129271006985568,0.0990888518430787,0.09842441090457822,0.06185334328504963,0.04607212610671874,0.040122698106939234,0.0378016241558546,0.03435353323173048,0.032112907286652635,0.028328871448555733
6,6,LZ_HOUSTON,0.02437404969946969,0.02249341743047295,0.021221120135103144,0.02067982324766722,0.020913030207076373,0.022223125572319837,0.02468285279862615,0.024597272263063158,0.02648432307222712,0.03016214658804669,0.03558937888499974,0.04159713248152174,0.05219699498212794,0.06705234961360389,0.08554986920441483,0.10591803666840681,0.10103352760114907,0.06287031410909237,0.04598598761364383,0.03849341172510391,0.0354652871084334,0.03168476694993824,0.030916681643260394,0.027815100400231645
6,7,LZ_HOUSTON,0.027765625612680558,0.025021585576913464,0.023636110613491693,0.022688882447600676,0.02237826541917537,0.022642751205755332,0.023442359397741263,0.024728652191195542,0.027554959608253493,0.03151148245052232,0.0375861981475231,0.04399075222371807,0.053537612723611586,0.06426697072280736,0.07712451667913492,0.09183038772539916,0.09244854636612675,0.06458527629154022,0.04685704005037532,0.039948117730004604,0.03861723140276649,0.0350766585911365,0.03300997895646517,0.029750037866061015
7,1,LZ_HOUSTON,0.019927841760934185,0.01830754060840963,0.017446173616406633,0.016400117125217408,0.015983143073833375,0.015867259466500843,0.016250606578257127,0.01701885281436791,0.018995599526946558,0.0213587973764779,0.024768569054731206,0.029814679349023834,0.036626462642539416,0.045999584060623676,0.0705198310996423,0.14309711356696986,0.16872342825097494,0.11509311558251688,0.049700099432273784,0.033785244912761365,0.03068742776674699,0.028240938574445387,0.02393824231469228,0.021449331444706447
7,2,LZ_HOUSTON,0.017692378125804476,0.01644308702419914,0.01564586096818622,0.014927734310394666,0.015065319324270618,0.015995815881529235,0.017038489767174515,0.017548081647837013,0.019168900225936644,0.02097092833450704,0.02511573680130662,0.030280208419723457,0.03720883631362287,0.05014949786263838,0.0904475252195248,0.1605554791194367,0.1721979517570373,0.10160485488136767,0.03797969590356201,0.0303070542760895,0.027947015867339282,0.02474229176364333,0.021459427042310505,0.01950782916255789
7,3,LZ_HOUSTON,0.020057802729302167,0.018840505605377252,0.017841682810137666,0.01727574133104322,0.017333846205693577,0.0180932769173737,0.019486050762742683,0.019871867130421033,0.021667888805863473,0.02358186337684613,0.0273697201553027,0.03260787460503211,0.0402573813527512,0.05477604638163513,0.08143107657873848,0.1259789218756718,0.1674361688899528,0.09239488537651375,0.04288023539446817,0.03450325561612665,0.03137198392121908,0.027828167616293996,0.024684693897709848,0.022429062663783108
7,4,LZ_HOUSTON,0.016394920323962305,0.015331271135896208,0.014381798979317434,0.013749318318052144,0.01388853417223405,0.014853530398883472,0.016041872923968616,0.01641294827630241,0.01768592202209526,0.018997455554837776,0.022620072422290763,0.027562235245748537,0.03335271338209895,0.046904225000863844,0.08034357270948607,0.166494149178301,0.182589605182836,0.13224003817919686,0.03717964704273977,0.0278381630718429,0.025132968667919614,0.022419761840734062,0.019628433886741393,0.0179568420836507
7,5,LZ_HOUSTON,0.017831622337003476,0.016583988934433764,0.015767168170872932,0.015224918662573757,0.015232960498501922,0.016060120765398967,0.017212975387386725,0.017587495174898445,0.018684056945389042,0.02072725768799515,0.024696478135396945,0.02900517894233774,0.03576836295792511,0.04629053085307796,0.07479883921842546,0.14211762218995277,0.20615188960167638,0.10595061393673144,0.03795689116409021,0.030913391724721063,0.028238332444901936,0.025596589342499497,0.021898493649247286,0.01970422127456207
7,6,LZ_HOUSTON,0.020463915153372186,0.01903778365799576,0.018280584751741526,0.017701179427138992,0.01760913026784414,0.01864562902045194,0.019629167982780502,0.020221813254952845,0.021943636912721633,0.024547493268117133,0.029337832393612293,0.03534561622183595,0.042839426546347065,0.058560288101259114,0.08124473160419618,0.1353223517425347,0.15913345173629304,0.07404220012622083,0.04076138525158107,0.0359540233363533,0.0319530372754962,0.028546587907892836,0.025696216338221396,0.02318251772103935
7,7,LZ_HOUSTON,0.019543912154614623,0.017809345164077815,0.016959976394714103,0.016054228929120916,0.015674331359200794,0.015890361877463278,0.01654583008409383,0.017344616097961937,0.01919404809577002,0.021407043648702766,0.025990578961788944,0.031513583577465386,0.03928067106455624,0.04995415937783211,0.08453221489240627,0.15443705608363015,0.1650583809303012,0.10024237570341644,0.04160800472105718,0.031938267962147236,0.02903818998039918,0.026480072501949545,0.0228138765359243,0.02068887390140578
8,1,LZ_HOUSTON,0.0234081572489098,0.021535198379729777,0.020369001994708855,0.01977020647725228,0.019543552419493782,0.019513689215937765,0.020329184389967496,0.020642365165721637,0.022754229663349813,0.0247451099004177,0.027670938125739404,0.03263282425504708,0.03969049469545276,0.05708466218208132,0.07859076308142318,0.12159530764842587,0.15064761036942315,0.07852491088896632,0.04443644689135537,0.03794617731851404,0.03587030180978671,0.031099846472504796,0.026892197663778615,0.024706823742012548
8,2,LZ_HOUSTON,0.011116381278234623,0.010335093806014028,0.009843369448781968,0.009641918790869699,0.009875345743688677,0.010318395074229414,0.011255300514995991,0.011509334413421514,0.012207838811050293,0.01355759374827905,0.01543424696713725,0.017966769523748614,0.022175560517802794,0.04526351131694369,0.12089739695194848,0.24502617615030275,0.21601799199526744,0.10384301770953797,0.025632553289383686,0.01867841973150571,0.01805594785732177,0.015410442392040032,0.013629007473570702,0.012308386493923613
8,3,LZ_HOUSTON,0.011136925325090743,0.010432870697724535,0.009878987454292007,0.00961164198603339,0.00972915277749719,0.010433544112002265,0.011434237728708324,0.011676666868690951,0.012424493424109579,0.013447409711980716,0.015460581695253104,0.018480844730869986,0.025731159552044826,0.068443470238456,0.1354061024801848,0.2154885283877789,0.20819208468857958,0.09546657508232491,0.027399543425119705,0.01928086089281265,0.01795255122999118,0.015883822568806105,0.01392822750627959,0.012679717435369066
8,4,LZ_HOUSTON,0.011769927156482549,0.011018237082066869,0.010601941620375222,0.010368082486112566,0.010459464416727807,0.010990069175138874,0.012013284770988366,0.012225854208154282,0.01323203804632638,0.014378733885336966,0.01666262708311498,0.01982005292946232,0.02732221465255214,0.05803636935331726,0.1466064222827796,0.22514739021066973,0.19499299077664817,0.08424464154700764,0.0261968085106383,0.020716512944135835,0.019072620794465988,0.01674745833770045,0.014367925269887854,0.013008332459909863
8,5,LZ_HOUSTON,0.016221149736839323,0.01534387080124043,0.014872339123742336,0.014557677984807022,0.014571478911953309,0.015230703198640887,0.01643552413851163,0.016815049635034485,0.01798076794799075,0.01957293490976724,0.022887917610305064,0.02763405645591271,0.03530047148567441,0.05963840650814923,0.10826045293722834,0.18331495509868356,0.18362593599037985,0.07057288108615138,0.03339548350858211,0.02771778208060018,0.025868457842997895,0.022705285341069217,0.01959455636229642,0.017881861303442367
8,6,LZ_HOUSTON,0.011925151106736512,0.011160395369718917,0.01074148916835963,0.01052879710220556,0.010539233768734271,0.010931868361245423,0.011960059956849785,0.012377526617998215,0.013318626030845751,0.014512004865645916,0.017321267587132677,0.020711744668752807,0.026373456318052022,0.06574452119992877,0.1451006148636126,0.20168786089722948,0.19969769655572017,0.09477428909206403,0.02704680125168022,0.0203126321452928,0.018455625273287715,0.016354616335542433,0.014898881297313642,0.013524840166050968
8,7,LZ_HOUSTON,0.02267585080001265,0.02093800847533392,0.019947706557036576,0.019310887406798146,0.019007607444319587,0.019355588535054622,0.02030531558308839,0.020909812379049063,0.023133865437225176,0.02552159339578654,0.028746264017242253,0.03548581873898805,0.04545141950152052,0.06256026055943806,0.08338204610130515,0.1281718889046298,0.14827845639439324,0.07041184181027191,0.040510913264681564,0.03475065710658537,0.032596750434288654,0.028692622663334486,0.02594934880771775,0.02390547568189852
9,1,LZ_HOUSTON,0.0283373252862654,0.02673583466167575,0.025832451003694974,0.025177560182638073,0.02487089176516346,0.02496064837515603,0.02588480902619064,0.026095072195895457,0.027882724678247477,0.030639416116630392,0.03374765427748421,0.03899841596204957,0.04749869936023481,0.05838501264072255,0.0712750591313222,0.0894840158437038,0.09220829517292273,0.06304321448339252,0.049870600887260697,0.04553402689706411,0.04233769428566203,0.03744429688162265,0.03338945891723608,0.03036682196776407
9,2,LZ_HOUSTON,0.024342794935892264,0.02302466302345344,0.021867808427360073,0.021494079261598006,0.021845322647677294,0.023255723793986837,0.026137005080235462,0.026197484073865008,0.027248888116963268,0.02986576764901093,0.03355188477356044,0.03869259923207185,0.04829170104147928,0.0681978190344451,0.08328112497131124,0.1039347012958012,0.10422391494482453,0.06154668047862145,0.04566629242058643,0.041759194357775115,0.03760707883359282,0.03224538343681961,0.029313702989213025,0.02640838517985522
9,3,LZ_HOUSTON,0.0223544652557148,0.02113291793755623,0.020072650705413708,0.01974262386273273,0.020149557413097288,0.02154433149031013,0.024768439876501264,0.02472961318912703,0.02540534688285167,0.0278282815084168,0.03133985671459025,0.03581761910273019,0.04358071657638217,0.06757187603833388,0.08990394128210201,0.1203709441978369,0.125716333715378,0.06831406310083366,0.03948748772666012,0.03615735261725473,0.033208017710942776,0.029646415811421765,0.02686060099232053,0.024296546291491354
9,4,LZ_HOUSTON,0.021381746714727586,0.020198660749560744,0.019443698181624888,0.01887047255915789,0.019313680841190645,0.020612417589837673,0.02322928593901971,0.023082028730240598,0.02382837136400402,0.025640712523758696,0.028291342281782778,0.0328900771627774,0.038538289029266114,0.054968601889776904,0.08174283575721095,0.1316759594345898,0.1693041270808162,0.06380547107221925,0.03802683960170158,0.035769135176371036,0.03239658593140544,0.02800472947054928,0.02563424757312937,0.02335068334528152
9,5,LZ_HOUSTON,0.010746478265791871,0.010045972580879936,0.00956414327379765,0.009184070925274004,0.00955706745879854,0.010276441983708105,0.011686550829959405,0.011731701268525158,0.012057862645627013,0.012869896652667785,0.014397598805332874,0.017162557752128136,0.02095519459165135,0.04681595063911457,0.12859687262454783,0.21211204317190593,0.24053828757190376,0.10766897046217876,0.031428074677477616,0.017771077842051636,0.016264940077955266,0.014239909213924125,0.012748933910540135,0.011579402774258589
9,6,LZ_HOUSTON,0.013317767353481627,0.01234176924884043,0.011523318856227543,0.011342238701136778,0.011636593666901061,0.012851505896871264,0.014612849431851043,0.014482423857589632,0.014951876153937279,0.01602080746592682,0.017774173901563394,0.020464051800092295,0.024602172084380165,0.04638683268074014,0.11549324200086393,0.19993522595333316,0.21692764411926244,0.10475686399484362,0.032609983260057034,0.02078752317845928,0.01924076361581173,0.017400845652301374,0.015813004028036315,0.014726523097491721
9,7,LZ_HOUSTON,0.029394866564677883,0.027347441781404042,0.025956994730579632,0.0252422233554309,0.025130885602583714,0.02532806391296957,0.02727689954105048,0.027638109807921127,0.029675335713071557,0.03305116437191909,0.037189359170491244,0.043069012408635046,0.0494254631990481,0.060169131395546485,0.07122556518782934,0.08511643719190888,0.08409399966003739,0.05975097739248682,0.04700662927078021,0.04374808771035186,0.041795002549719525,0.03729559748427672,0.033205847356790746,0.03086690464048954
10,1,LZ_HOUSTON,0.030319854103998012,0.027538038613987983,0.025522547258056923,0.023777077907657523,0.023825025740415482,0.024983344437041973,0.02790900342532588,0.028971426456436456,0.03273406954286368,0.03567739352216368,0.037538105909191856,0.04143365702326396,0.04563119536470636,0.05688800059219779,0.07427876365251448,0.08715233615300239,0.0816240351550145,0.05729766014576142,0.04856947220371605,0.04542762737299713,0.04085744184012006,0.03762222491403038,0.03413465097342513,0.030287047692110984
10,2,LZ_HOUSTON,0.026495290312757505,0.024166269442618786,0.02193900933980215,0.023042310290768,0.02453505658434246,0.027507542156119377,0.0327868601600475,0.032548143172043784,0.03266214583618658,0.03401564055342554,0.03662928552464561,0.04051838312087266,0.04584054776367324,0.05963180965074633,0.07333967361572838,0.08753185762367949,0.0846182861803522,0.05909699178339187,0.048627874646037024,0.04473495145705351,0.04040897116803762,0.0362023493730236,0.03347852733041721,0.029642222914229438
10,3,LZ_HOUSTON,0.026444710468198535,0.0232912478512521,0.021738104855949122,0.021833932378203223,0.02290277781872971,0.02722238766802988,0.03427308190157187,0.032853360302638066,0.03331038387031146,0.03531686475935498,0.03927454142844928,0.042270257201069736,0.046543427558815985,0.05729380128615278,0.06885870895264942,0.08663471433078482,0.08770208550173818,0.054458780897004594,0.04974848961082233,0.04749580570306443,0.04067288611857256,0.03664444450996754,0.03345486228847918,0.02976034273819037
10,4,LZ_HOUSTON,0.024291436641947835,0.02213815048763978,0.020824280969756897,0.02080499986572088,0.021514957660761367,0.02469978288099634,0.030787791480368736,0.029086234049190227,0.029155783745891575,0.03064318320009861,0.03286670766196644,0.03523759484753811,0.04072788922179398,0.05502207342106695,0.0692453307019217,0.1113848721834955,0.12798865720193997,0.06831157437789173,0.04313114111771183,0.04008128362572898,0.03565007275173719,0.03205552407073686,0.0285263934212873,0.02582428441281119
10,5,LZ_HOUSTON,0.023308750385895104,0.021181353548519872,0.019910815353479914,0.019229581861214966,0.020142695434432128,0.023250437347785816,0.03202620656536205,0.030244571742187764,0.028277707268548686,0.029415840565293446,0.031671526086509104,0.03555037217439028,0.04285939697458237,0.059611017734023934,0.07871093883991354,0.11566837032209375,0.12258018042740025,0.06485164477069254,0.0417068569272459,0.04177820464446197,0.0350783795835763,0.030332384317222922,0.027985456042259795,0.024627311082907416
10,6,LZ_HOUSTON,0.02873519205235686,0.025753072773121805,0.02423525525630817,0.023806206535749906,0.02480732021705252,0.028184348856285284,0.034709580150453084,0.033589440049898826,0.03425285086727816,0.03549478544334573,0.038103217127255846,0.040190331548552165,0.04545332918740018,0.05506955664042857,0.06786535805269087,0.0871236481505232,0.08197783156008574,0.05278960096623617,0.046532871129449996,0.046378782664217244,0.04115638318387367,0.036518966260162225,0.03502606124970359,0.032246010077570164
10,7,LZ_HOUSTON,0.028666184908856845,0.02486476483997505,0.022989578398107422,0.02175806505644702,0.021785183873556123,0.022701640369390194,0.026568464644241,0.027859798905995013,0.030835690277585023,0.0338099864246392,0.036487570808029085,0.039971541194280806,0.04505711701450537,0.05270542105154011,0.06626642483062704,0.09989136520911002,0.10523776024094271,0.06903732984936295,0.04750419145246789,0.043758604242340134,0.037945606033777286,0.0346849670825417,0.0316229335860169,0.027989809705665118
11,1,LZ_HOUSTON,0.03277679724639739,0.03053059145202046,0.029218708087918727,0.02927844160879278,0.030120346138847752,0.03175794624884759,0.03622105460094627,0.037475458539301273,0.040760802187373914,0.04366069556867439,0.042503217720794254,0.042679037140725413,0.044321145440979905,0.04542227091067697,0.047153415968460705,0.048342451148123355,0.04723907158329896,0.0694509249679355,0.05975831592044848,0.049115605776794996,0.0453197095823838,0.042441230104792886,0.03921223883490332,0.035240523220560954
11,2,LZ_HOUSTON,0.024833655355938615,0.02292275198395246,0.022892420184397123,0.024219941944935656,0.026475616771867463,0.03222551490757396,0.04815072073411044,0.044562468846714214,0.0420054981441994,0.04182148522689703,0.043142940627524495,0.04373137753889801,0.04624183948209464,0.05054389971902643,0.055422264147509614,0.055074459512608434,0.05428987696411042,0.06838405315748979,0.056419169292894984,0.04607501458454029,0.04211570368258379,0.03928170254413024,0.0370735475365018,0.03209407710950084
11,3,LZ_HOUSTON,0.022547910441088982,0.02125150015646331,0.02026887618078218,0.021472440105500975,0.024095349772870294,0.031222167584240876,0.05989793777918385,0.05413372626829847,0.04487488093314031,0.042751450294529286,0.04309876445566243,0.04288900045735429,0.044238711430074656,0.04790356358084339,0.05218653177580699,0.05227765875867856,0.05051443760896552,0.07028297507247175,0.05982830300925369,0.04949570671554283,0.04344521892827791,0.037564949467508935,0.03391557171005801,0.02984236751340254
11,4,LZ_HOUSTON,0.029084031500549633,0.026775638819784894,0.025454963602053692,0.025826537591187942,0.028066279188509867,0.03380465162578637,0.05736913601753348,0.050235430309281716,0.04568729603119505,0.044042244444196535,0.04265120186593645,0.041394028900389845,0.04235085337587412,0.04499134567279349,0.04514581061053983,0.047117812982434754,0.04735894991302766,0.06769940779859145,0.05755792649700123,0.04612837924231515,0.042580834505407554,0.03988885389590607,0.03570027966735117,0.03308810594235197
11,5,LZ_HOUSTON,0.030891039269132524,0.02864902688451316,0.027453941461342248,0.02802069220347334,0.028491050693399456,0.033723900458934225,0.04979016834728344,0.043596966143113945,0.04199221364807189,0.04469744435578738,0.04508479840631477,0.04485720558860858,0.04488665877678233,0.04735447893740038,0.04952955225798851,0.050825492537633146,0.04863524636253127,0.06332881717781337,0.053748498333663575,0.04539450314256593,0.0412710567982421,0.03954581398794384,0.035541072917168716,0.032690361310292015
11,6,LZ_HOUSTON,0.03059782628261206,0.028040882303175613,0.026945563463691577,0.027863579253563163,0.029324304378035307,0.03439319156289489,0.055603856386329836,0.05019386333444935,0.043686751412124296,0.04386135441529595,0.04319354292893838,0.0441853599881918,0.0443131621863896,0.0474452160577162,0.04904634359710987,0.05097777681776127,0.04760541881320359,0.06195616564604912,0.05108757870635375,0.04411785882717183,0.03995528723094038,0.03779165001638028,0.035142904457956675,0.032670561933665264
11,7,LZ_HOUSTON,0.03373510841450319,0.0300673176969074,0.028057397634060836,0.02840108978617961,0.02970168774784488,0.03213887252259594,0.03938147948502589,0.04311717290744757,0.04902261891330601,0.052974556334173244,0.047435784934374656,0.04550839277431649,0.04449925411490392,0.04520230827410129,0.04716835274306035,0.04754547391909341,0.04754233994810145,0.06028715531542374,0.05182752295111424,0.046300242778286184,0.04151049044556711,0.03912762783467676,0.03642823415359801,0.03301951837133796
12,1,LZ_HOUSTON,0.032530418277548996,0.030113745004127272,0.029454313122880972,0.029916941429950515,0.03132161528165762,0.03322249530143125,0.038549249861258135,0.03939709085143195,0.045168752069468854,0.04743898856020929,0.04475742327225582,0.04260191113992174,0.040419350175117864,0.03934485862321442,0.038854248765314056,0.03861547286489107,0.04139963717255755,0.07023555802207743,0.06162750026815651,0.052338558110685676,0.04955159564793612,0.0450437678090912,0.04037457969378855,0.037721928675026925
12,2,LZ_HOUSTON,0.03114976146417755,0.02910862175622167,0.028481956056410653,0.029329745224583554,0.031932198352227305,0.03763396098379353,0.06625020254730654,0.06090295365449055,0.050413465076368166,0.048516458479368814,0.044283779295502416,0.04151302166562371,0.03965271977389901,0.03862588326292296,0.0377234846551951,0.036991181023130225,0.03831792183330155,0.06280264596163193,0.05348054605858608,0.04513335893710335,0.04141902181065206,0.038722568828036666,0.03536453591376364,0.032250007385702884
