Month,DayOfWeek,SettlementPoint,X1,X2,X3,X4,X5,X6,X7,X8,X9,X10,X11,X12,X13,X14,X15,X16,X17,X18,X19,X20,X21,X22,X23,X24
1,1,LZ_LCRA,0.03530927647128062,0.03212604592976685,0.030850045467281793,0.03138231994591842,0.03281248209693229,0.035642599041072635,0.04402566167134187,0.04838906243652549,0.052132691548502086,0.04991192992726277,0.045696441052424354,0.0427027877224798,0.039908086301379854,0.038388343709734374,0.03710713508209631,0.0369935970817609,0.03821439099362417,0.052888917128717725,0.06335628745321767,0.049555691430797556,0.04538707604233613,0.0426913297591432,0.03856021315978339,0.035967588546619855
1,2,LZ_LCRA,0.03183654051905971,0.03052016782318956,0.03036541283281876,0.031263373888056736,0.033920001222755486,0.039155878396967575,0.06427777183382755,0.05819265276801272,0.04863605447375662,0.047847950356127544,0.04378897533090821,0.03996213279124508,0.038089788463302056,0.03707528352642681,0.036332077461559635,0.03558887139669245,0.03713355546724544,0.05481861186684194,0.058096169718460565,0.04697196068841135,0.04399053892947758,0.041027267447192255,0.0374268257267753,0.033682137070889254
1,3,LZ_LCRA,0.02907510023451093,0.027458109539299495,0.024001910129359257,0.029636161333434198,0.03345169200897698,0.04232544065360466,0.06843920997554026,0.06168204856645736,0.04826937867211338,0.0453915765186474,0.040836895125702904,0.038183675013238515,0.03642247900748922,0.03513251128426255,0.034119922081851876,0.03437208437350279,0.037450828353128074,0.05977113120004035,0.0666118213682326,0.050561691504652395,0.04463587765085609,0.04251535037950425,0.03667936934210858,0.03297573568348589
1,4,LZ_LCRA,0.02380747576588834,0.02286379107586961,0.023027036597762406,0.023948118061672904,0.02847692555941415,0.04391430112394542,0.14391662423329543,0.14511899028877506,0.06608053152741929,0.03757911913972121,0.03507832331780199,0.03178139164295944,0.029998876117368508,0.02858743022038773,0.027051038712419782,0.026666156001187925,0.027825199206626763,0.03965610447211107,0.043015822886143154,0.03544060280292561,0.03326441442261629,0.030498658561317216,0.027497452428057383,0.02490561583431333
1,5,LZ_LCRA,0.030128205700949866,0.028603925780255307,0.028767432946425947,0.030021881368849836,0.03373697861987444,0.04425772660708335,0.08279180891641211,0.07314399263056227,0.05240896090749159,0.04684078243986645,0.04209460721200626,0.03862164352399937,0.036635433521828215,0.035421191779610214,0.033845983397321526,0.033795054935727396,0.035221051860363096,0.05029408952866156,0.05316484649536239,0.04331242288135367,0.041195764538958936,0.037654002753710857,0.035259471577004285,0.03278274007632122
1,6,LZ_LCRA,0.03320458176599243,0.030977082086441527,0.031145633262918644,0.0320186677997612,0.034803294721320314,0.04110125484836955,0.06714695341225296,0.059558113316855024,0.048868739005063604,0.0456178208048672,0.04316424050537093,0.04025950825446586,0.03801283209375887,0.036789574453697384,0.03561980910317654,0.034987994513507814,0.03664221833534014,0.05453387525396222,0.05523028430647247,0.04567333167137164,0.042587936782206653,0.040705613763465175,0.03676434224164991,0.03458629769771204
1,7,LZ_LCRA,0.03679293308630848,0.0340222489276117,0.03273183616243553,0.03250859579723933,0.03426426651978702,0.03707667784954851,0.044734656919199506,0.04937576152087193,0.0574896099344049,0.055315624321933474,0.048055096556673844,0.04418490144042194,0.03982023934705323,0.03721542069333867,0.03610756430157061,0.03535438886385259,0.036352711431575785,0.04916086658988868,0.0559926476724584,0.046801195066179295,0.042911179543671664,0.04050143541468463,0.037946689366247725,0.03528345267304258
2,1,LZ_LCRA,0.03197715176633559,0.029065039510507158,0.0270109978856691,0.027698015220939166,0.029070647815284876,0.031302753116815386,0.03829070086984807,0.04150425950747867,0.04860717750845452,0.05078600391459674,0.04775892141082515,0.045539434795044506,0.04435888663933553,0.043559703208511165,0.042853056806519095,0.04242682564341277,0.04243103187199605,0.049688178254359054,0.07312388184423495,0.051062212924899195,0.0456908590240428,0.042450660938718056,0.03880386075700898,0.03493973876516345
2,2,LZ_LCRA,0.028789001667476197,0.02663705602820188,0.026062452742322346,0.0273944307296335,0.03062047140002904,0.03733293941503132,0.06063754675693404,0.05520573050980706,0.048324261528369626,0.04760694631527818,0.044711396423689174,0.043505856196451725,0.04220141910737445,0.04215635218299174,0.04119742818084856,0.041897217367791166,0.04146407415011292,0.04850828480293235,0.0691226471309895,0.04756062753188484,0.042697155275584237,0.039814123974101535,0.03550898083654227,0.031043599745622246
2,3,LZ_LCRA,0.026546595110627118,0.02413125273062803,0.023333094233565697,0.02489941507502299,0.028658063422300185,0.03577236832667115,0.053490965289234645,0.048219467503081134,0.04501770425097651,0.04471122182154898,0.0436626606587416,0.04297014078629046,0.0423571759274354,0.04323880197974608,0.042975357508493475,0.043705698616916526,0.04443212718368731,0.051495569046578815,0.07850514825272412,0.050851303854505626,0.04592802227540381,0.04229457526099913,0.038156410373452104,0.0346468605113692
2,4,LZ_LCRA,0.02928752245419862,0.026860915976000547,0.026070165811638398,0.027176698365696722,0.030583006766025964,0.03719372990769837,0.059474507042982655,0.05056659643528274,0.044865688949169404,0.044241889310507286,0.04363361995330563,0.04343302048444126,0.042549088631316304,0.04246755465364885,0.042299309937827115,0.043467963617727305,0.04201070554068676,0.0477594980613032,0.07040264843066507,0.04994020841637721,0.046102934705519995,0.04152538424504715,0.03555010845313221,0.03253723384980148
2,5,LZ_LCRA,0.02698848833455762,0.025702353930970676,0.02549011633670287,0.026711435666591263,0.029076550414689383,0.03765374516746436,0.07060649116608671,0.05781885839050192,0.047768709315832415,0.045995826417607334,0.04429157124447483,0.04279701189801412,0.04151469014582121,0.040852559687057574,0.03996802456364205,0.040358185889631366,0.041043192256759196,0.0476619550767995,0.06697811792276585,0.047717873963911986,0.0437120482325819,0.04064032209278976,0.03656713952016512,0.03208473236458098
2,6,LZ_LCRA,0.029683297876610604,0.02780175009031429,0.027091779392285156,0.028607052542849117,0.03129766587725284,0.03604167502910127,0.06566100028097781,0.054281399269457714,0.04942700598081323,0.048142536025368284,0.04523742624332678,0.04377985389154257,0.041608547746156625,0.04165621362340946,0.041534540199895637,0.04103530285393168,0.04117955485088107,0.04883996307148878,0.0627245313691647,0.044385712278729984,0.041653704893027735,0.03926037610885883,0.036009061534138805,0.033060048970417054
2,7,LZ_LCRA,0.033873174117003316,0.030923734977545556,0.03013365897276773,0.03050467439393029,0.03224097318145723,0.035806991905724714,0.04070893306374658,0.044509839248893956,0.05067696968483708,0.055279963165375444,0.051457703574693536,0.04506502779279189,0.04283226232658699,0.04351557130369213,0.04223970532300362,0.04160577609619709,0.041385569101622194,0.04783830133658972,0.06352905064093581,0.04524786632768135,0.04258669816293983,0.03912477729065321,0.036178007326887265,0.03273477068444337
3,1,LZ_LCRA,0.03365036431362085,0.03031814519179193,0.02783769324854028,0.026669227558384224,0.027082312573486984,0.028575155919733343,0.03331415900966222,0.03587758102004989,0.04068543161249589,0.0449562716853083,0.04607045376771047,0.04483578855590333,0.04375029293288331,0.04347031308931366,0.04419550678249406,0.048158828010729966,0.05271768013573903,0.050149668291850205,0.05527192247912442,0.06450781494179694,0.05692196762278488,0.04596718251393478,0.0397468106615124,0.03526942808114861
3,2,LZ_LCRA,0.024055130124689857,0.021808732678703927,0.020696250526898084,0.02133414166898859,0.02391632501217096,0.030810652475885162,0.05101700260565774,0.04897983345427749,0.04222431110308219,0.04245803441754415,0.04281729470876952,0.0431469568510019,0.04131289223926327,0.04272543838430849,0.04532803424403776,0.04947585760636707,0.055317919842088774,0.05653144395080175,0.06916168856419379,0.06284707657041144,0.05510358841834636,0.04248048818574574,0.03510340470569744,0.03134750166106853
3,3,LZ_LCRA,0.02489833348449328,0.022477942099327658,0.021286068824497805,0.021837573598861813,0.024639987394176582,0.03260199402872405,0.10114799108431151,0.09094973336301566,0.05273558277656086,0.04107061551414078,0.036967310058366065,0.03716061156565976,0.03678316975994884,0.03949580370827413,0.04072523793949754,0.04450148823838198,0.0474330750788551,0.04422115524676174,0.05206681452857793,0.04896391308211467,0.04161753968406655,0.03585422317987392,0.03209629529874244,0.0284675404627693
3,4,LZ_LCRA,0.029868875678691755,0.02700495740069103,0.02594158422216022,0.026233448505268576,0.02885056977917033,0.035298409768869235,0.059642251647101734,0.05137025988797561,0.04272914565315363,0.04323132390497242,0.04298238083996823,0.04240616348691975,0.04211644526471661,0.0445919265188746,0.045640277271068945,0.048183359443741004,0.05028864519175053,0.04768654634418524,0.057440393158357826,0.052587076421228826,0.04849990342725926,0.039802991608901855,0.03617722170955211,0.031425842865420515
3,5,LZ_LCRA,0.02905523056337062,0.02552344232484732,0.023570987442530708,0.023857261716873673,0.026584908735332466,0.03191154017703973,0.049600502641871956,0.04699830165374322,0.042550864612639815,0.043152362245248065,0.04300332807246278,0.04344614183764496,0.04341397618884238,0.045278511631098604,0.04698436320592877,0.050517223632745495,0.05496680505043574,0.05226596273931243,0.060263415219927265,0.056775586701434164,0.051298848898648185,0.04038289988334591,0.036891854799972555,0.03170568002470322
3,6,LZ_LCRA,0.029029886520218495,0.025340020163674003,0.024461890011242646,0.024825180086544725,0.02737358472719925,0.03353231884400669,0.051058377920562004,0.046142138854196005,0.043949500529887595,0.04713420021367476,0.04564449594039464,0.04471692394339554,0.0444965852882567,0.04676231155670873,0.048672271508814625,0.05194510665465732,0.053640102065164355,0.04908715307410043,0.05351434780832902,0.05016627507292672,0.04625929452936739,0.04136562673986926,0.037533883785869526,0.033348524160939655
3,7,LZ_LCRA,0.029580965273603658,0.02708298902385235,0.02563031004169609,0.02577347260805352,0.02781669717643417,0.029842026424020143,0.03332740331526607,0.035675901003085354,0.04203400321484174,0.0475731313337593,0.047723662561620424,0.048458423380131344,0.04774471588020239,0.04824999552616979,0.04963635655479283,0.05563444701879744,0.05766293426417071,0.05360385444156597,0.051659580470520605,0.05252697719609797,0.04862053393321254,0.04119502846935004,0.038065452662139496,0.03488113822661581
4,1,LZ_LCRA,0.03339049015736928,0.03028145975520334,0.02802075695188674,0.026903942692763267,0.027066388403181228,0.028916464549607987,0.03225788256528851,0.03453325060635118,0.039628856675503414,0.04225393423204918,0.04282475040893451,0.04382085848045575,0.042823622313723275,0.04485306559873653,0.04745783744148006,0.05065373117491116,0.05534660725365221,0.052140560663319985,0.05007389023633595,0.05667888769812172,0.06872356026848665,0.04702239268994303,0.04003497095154831,0.03429183823114671
4,2,LZ_LCRA,0.02541753916854975,0.022750278295962163,0.021058124575652225,0.021044793032554677,0.023692056590495947,0.030242605516782987,0.046625167477510165,0.04299708324882088,0.04066882447214232,0.04075452724919797,0.0395146937411262,0.04068215601523986,0.04247620081493819,0.04727269957081954,0.053471867111178406,0.06629109805254722,0.0801625686455438,0.06487319321881538,0.04856871601051668,0.04784405141785722,0.050738900776181484,0.03933567016238772,0.03429349011228016,0.029223694722899114
4,3,LZ_LCRA,0.027855216805114602,0.023655025442525988,0.021921889270647588,0.02167724959770365,0.024674901056843387,0.031157308746140127,0.04189753403209673,0.04046883834210412,0.03938807463140956,0.04063084416996477,0.0412310268342539,0.04276845126777715,0.04349149741225591,0.048345148523463666,0.05389792545557344,0.06894815813508459,0.07392576001391728,0.06143174009481146,0.048287522289392426,0.0457160875048928,0.05064258687426608,0.0409418083764624,0.036212108032879574,0.03083329709041882
4,4,LZ_LCRA,0.026615089821435393,0.024162044743362514,0.022069543378687714,0.02228631888238188,0.02386327643257159,0.029297265483723866,0.04088296144540964,0.037831256556616594,0.03708096621222434,0.03817270605466337,0.0387769818110751,0.0409267658218038,0.042117346308414266,0.04570256603790539,0.05063448954423232,0.06136993132821609,0.07213569921893428,0.06455866529188316,0.052154164448368116,0.05252594005314931,0.06289634536718176,0.04321357890740654,0.03843777869130495,0.032288318159048084
4,5,LZ_LCRA,0.02864939073204133,0.025063390893286415,0.021860064248217504,0.021185560162017246,0.023164786798796796,0.029504443891820446,0.03892024840827256,0.03800728328149645,0.03812764933054902,0.03827753912748241,0.04031694878878825,0.04077116029464701,0.04244265863620724,0.047083564697319134,0.053332379489171036,0.06590836055763546,0.07973228773844684,0.06519070637837864,0.04955674634672009,0.04873235246358643,0.0535276904366903,0.040899475045052106,0.037431570197820466,0.032313742055556885
4,6,LZ_LCRA,0.02928663047067518,0.026538236040694656,0.024554719668260817,0.02416834954814913,0.02609683064184613,0.031993467649364615,0.04066320880384753,0.0378889814879293,0.038369697800161286,0.04086313287762625,0.04129892243170571,0.04254788630834582,0.0445347721876411,0.04776275976089979,0.05506111162277697,0.06416776550029316,0.07240508660755803,0.05776682563251259,0.04738762133032623,0.04609710020239504,0.04950928748407908,0.04141685517185608,0.03699156949383268,0.03262918127722281
4,7,LZ_LCRA,0.031553508628072664,0.02777132418593633,0.024853541427504143,0.023730616447092692,0.024239690956467864,0.027273638368046062,0.0335135024326245,0.03462048324495708,0.03957114743344448,0.04397059895406257,0.04583492775014121,0.048539741977805716,0.04820946992474352,0.05034826618560834,0.052999553563293784,0.05768258350188596,0.06209000710654348,0.05348926729714462,0.047575119809034415,0.048214025401337485,0.05465888591264417,0.044886249749448784,0.03904157327939649,0.03533227646276353
5,1,LZ_LCRA,0.03056864629528849,0.02735809632281501,0.024400179790798456,0.022478060364655317,0.022627535150259,0.023672806010149545,0.02784020513835365,0.029046529816535487,0.03222550060895185,0.03505078458472852,0.037621329841377775,0.04012976937724804,0.045400334528780735,0.0535077626887777,0.06240572298953782,0.07751320272886221,0.08207007841110409,0.06682891347620455,0.05267196705659936,0.047430875806453304,0.04779193109843967,0.04188241387041799,0.036671849160993815,0.032805504882667556
5,2,LZ_LCRA,0.02857385226816226,0.025286957335694252,0.02265627132922772,0.022333529643482564,0.02479748202982094,0.028377867135730917,0.03287967487919125,0.03287674972796093,0.03440660382141757,0.03571902167342051,0.03829412980651099,0.04112957639909983,0.04503367824116506,0.053585845388206564,0.06155785754123488,0.07678911999750386,0.08094673494619671,0.06477942409622577,0.04944480629648552,0.04506195470305815,0.046808269987558354,0.04007749700659524,0.03632745312932678,0.032255642616723285
5,3,LZ_LCRA,0.02628861196787824,0.02440348341234282,0.022470663012026146,0.022104736493886334,0.02370631535408593,0.027326559935208456,0.03277036723587605,0.03224922544108452,0.03299408534412267,0.034560112101848964,0.03671925198376396,0.040154799056915436,0.044409778735853944,0.052869444875597985,0.06718566955448012,0.08340696665126074,0.090319682771191,0.06446550015304746,0.04757565010487869,0.044179123632002784,0.04546420206774496,0.039128123707442605,0.03493731123784616,0.030310335169613876
5,4,LZ_LCRA,0.02436927668584496,0.022506941191516344,0.021079730812685066,0.02066428091980152,0.022307162008053216,0.024878562255809675,0.029412944328957608,0.02926992059534196,0.030053145803237178,0.03134111614510931,0.033058157687828375,0.036571698403052987,0.041183267887993494,0.05056986255343524,0.06857269124505565,0.09365784333831015,0.11469368326977983,0.08403590274083417,0.04670670826715017,0.039846866228918185,0.040881328894804905,0.03483195468039492,0.03150381510133875,0.028003138954746227
5,5,LZ_LCRA,0.02642395670840293,0.02358277309184279,0.021991779290161377,0.02144476732147048,0.023156552409613607,0.026784604977981474,0.03175861759549414,0.03070859619818054,0.031509269868441034,0.03239536023412803,0.03471023895967642,0.037491889727909,0.04248660942310081,0.049581371912919836,0.0663696351412913,0.08868841369980258,0.10437575063156587,0.06673200900067644,0.049430382804842694,0.04328210632394152,0.04490416074214166,0.03755142257623656,0.03412008724582062,0.03051964411435829
5,6,LZ_LCRA,0.028190162710599095,0.02563950298896599,0.024034265181892386,0.023851401920252764,0.025098453957104427,0.028622813417261913,0.032160369195269684,0.0318134945546337,0.0326033884373863,0.03379011444977952,0.03654343190982767,0.0397048926291024,0.04378632522136822,0.051044300039023396,0.06279656367883178,0.08132230875236354,0.092201730225789,0.06671587008036557,0.046868608033541266,0.04361948605997538,0.0439220587763997,0.03839751456779231,0.035769562127321845,0.03150338108515206
5,7,LZ_LCRA,0.02922671423703674,0.026211140285823088,0.02433605259465635,0.023161492052674832,0.02379086408370247,0.024777013890280808,0.02847607784971237,0.029296867170431538,0.03169810186205929,0.03445711651400052,0.03722013990499288,0.03991100599306488,0.04474955402778056,0.052335090497284076,0.06251528331763243,0.08319636808241966,0.09666673347898419,0.0682557976388527,0.04860095007115511,0.04365717263634723,0.04383756589364815,0.03848489707562486,0.03431681064721092,0.03082119019462428
6,1,LZ_LCRA,0.03076634300364013,0.02880885047112938,0.027363715328488126,0.026444345058815752,0.025910918766932932,0.026001898116535926,0.025679160844786355,0.027034274315188858,0.02962191855337088,0.03258018393151457,0.03648942293235063,0.04103551738040764,0.04711485328861618,0.0560767980631933,0.06595045168852884,0.07883791597913412,0.08370770537630495,0.061664845483545665,0.0500166157022696,0.04517651430339027,0.0438721577332926,0.039560694239474885,0.03670011195248388,0.033584787486604484
6,2,LZ_LCRA,0.028973054781267667,0.02726610917938255,0.025811086525474872,0.025508395835129365,0.025939442704292274,0.027707692749791662,0.029395480713047314,0.030240332576606608,0.03217812772397675,0.034189679780070314,0.037906261674186044,0.04317173865149382,0.04929451995747005,0.05695374388152917,0.06418192093642539,0.08026475856585918,0.08305602651417188,0.05714436238589233,0.04906750193971092,0.044211040547142165,0.04248014789697022,0.03802120750596282,0.03519641369004857,0.0318409532840982
6,3,LZ_LCRA,0.029195050878457446,0.02723431215270512,0.02607860004804972,0.025534165678547344,0.025985600582796645,0.027670247146078908,0.029153394867979507,0.030060139654196984,0.03208287802345136,0.03442433331008347,0.03851146605907016,0.04302387761270372,0.04865906396038222,0.058881255182782685,0.0666195856873823,0.08071772337309059,0.07937794982678849,0.05670739268249207,0.04824928506661086,0.043550874582471144,0.041600792045445735,0.03847368502631109,0.035629451380654556,0.032578875171467764
6,4,LZ_LCRA,0.028456122567478637,0.02638830499273968,0.025295431446491053,0.024576151410698095,0.02494434356919537,0.026833916529307285,0.02878200413563515,0.029708335996499923,0.03193909435531713,0.03371433869897635,0.03777075401973114,0.04267068047132197,0.04742477042003613,0.05768553869033419,0.06499176743939007,0.08248674643263208,0.08787009388449928,0.060140453155424795,0.04972754680496528,0.043842773846293724,0.04107458096761619,0.03731614022989954,0.03479280864000259,0.031567301295514265
6,5,LZ_LCRA,0.02844725839854102,0.02595381585609323,0.02466349109049376,0.0237744878071083,0.02448315042443557,0.0264702844302505,0.028778306287877888,0.029826483492479034,0.031413142685873655,0.03336217655097206,0.03735507129806333,0.04203884859681415,0.04756675567988431,0.05749395901102195,0.0688037741152724,0.08626041192178803,0.08781066431405353,0.05855314292294119,0.047910503616126685,0.043517134056615114,0.04164599381253715,0.03784021308985368,0.0349877825548769,0.03104314798602656
6,6,LZ_LCRA,0.027450379490931015,0.025516059061030768,0.024230081977949732,0.023611396014212475,0.023963989346408938,0.025333171865358772,0.02729714967834096,0.027752720035127514,0.029457195746142677,0.03206375019256703,0.03648929080135072,0.041013689353740904,0.04836460127707985,0.0587685760254658,0.07333694164827496,0.09460458058281698,0.09102757065665563,0.0600652627191042,0.04812569458003086,0.04220410375800234,0.03907113076187345,0.03536807695761383,0.03385884568522147,0.031025741784698926
6,7,LZ_LCRA,0.030932498815815373,0.028331727809622134,0.026863693698008964,0.02583207818634364,0.025526939978250025,0.02586933343268065,0.025971341845270085,0.027623878129218928,0.030454389821157068,0.033767445656126965,0.03829573214542318,0.042690964183515784,0.04901992091243419,0.05553337981368827,0.06614314175266418,0.08017151605789818,0.08384914108916598,0.06104360815286713,0.04868728478442516,0.04352388504805039,0.0416841855027418,0.038460719664915655,0.03641079408670537,0.03331239943301062
7,1,LZ_LCRA,0.02056541799471401,0.018939412167613877,0.018037382627884208,0.01696371616921368,0.016552536135987773,0.016435438051102886,0.016842340528716568,0.017682880206520382,0.01957997612054579,0.021764202955042354,0.024984667636602398,0.029161700691948088,0.03512461321540112,0.04363320602258442,0.06657641024324855,0.1408486777273561,0.16914898565789072,0.11638052493093086,0.05036287038953025,0.034358396066359854,0.03098928632727471,0.028506165294373356,0.024577230464537192,0.021983962374620834
7,2,LZ_LCRA,0.01814756481946161,0.016944504503789693,0.016172879668181487,0.015446877894832891,0.015608542224144125,0.016515548537979218,0.017371476858197572,0.01791597818820902,0.01946865001358774,0.021163150054251775,0.024568514929651224,0.029010316762904883,0.03500677403293985,0.047153418456710665,0.08693871235849412,0.15953095524774316,0.17425827810628589,0.10339524845724625,0.03877067666935777,0.03100682163961352,0.028507967175198514,0.025296996217253058,0.021897086273210735,0.019903060910755343
7,3,LZ_LCRA,0.020500636290569505,0.01932074785670545,0.01833102897274954,0.0177748727418861,0.017872349586650335,0.018589970529699937,0.019838630970606244,0.020282359920391915,0.021992091817207595,0.023775977878138396,0.026989125650642987,0.03187134013319045,0.039011070499081445,0.052663808940600125,0.07881331808787508,0.12453055629975504,0.16802914976270666,0.09280931854715248,0.04341666507195346,0.03518734690753215,0.032118321341090016,0.028407025030618493,0.025036000650642987,0.02283828651255358
7,4,LZ_LCRA,0.016572037453607663,0.015550247854756597,0.01464376348015875,0.014034293009106025,0.014201588535366275,0.015189919028965292,0.016254948086911313,0.016627631043872607,0.01785171954063222,0.018936824061729477,0.0222101540663108,0.026618005116669327,0.03207595731647681,0.045079195128354274,0.07794169879598696,0.16614710681690661,0.1840096362223126,0.13411181518219767,0.0375725161761905,0.028120576320219078,0.025435097057143006,0.022703289802179477,0.019919492245208913,0.018192487658737717
7,5,LZ_LCRA,0.01792832097104454,0.016814445185322113,0.016016541586959972,0.01548913380506701,0.015546422220345418,0.016399251825108506,0.017445208355603956,0.017914737119999146,0.019033337723476495,0.02086243279684996,0.024482233799338168,0.028595778257215532,0.0344752233509943,0.0444215553273206,0.07197433006513751,0.14074405248800043,0.2080691618822965,0.10724096039008094,0.03835666113666122,0.031195018624640986,0.028641254628106638,0.026128832786927843,0.022214321276976493,0.0200107843965256
7,6,LZ_LCRA,0.0210984242707768,0.019754106869948135,0.01900967304045699,0.018443298847145986,0.018352626412485987,0.01941704194979901,0.020305368990815805,0.020945332406459554,0.02265299659255619,0.02512349191372715,0.029510592248689523,0.035276833455763025,0.04147606839066941,0.05539822939074694,0.07566351853725652,0.13239226734964474,0.16030755038562064,0.07383824300475308,0.04139393756217304,0.03660472469089242,0.03290555217541568,0.029514534528457346,0.02660710319968567,0.02400848378606036
7,7,LZ_LCRA,0.020403303998542583,0.01865019355646084,0.017805200968142226,0.0168893308887982,0.016484000236996612,0.016706599857248303,0.01727195859425571,0.018135778016127948,0.019949798802059653,0.022008014693789858,0.025854779773114508,0.030493933052887345,0.03710270536060862,0.04667061291864095,0.0794824614202188,0.15182844546281615,0.16576417840528965,0.10181108601481893,0.042400797814758355,0.03221935697503728,0.029600765919887393,0.026999340507095224,0.023845292156464276,0.021622064605940527
8,1,LZ_LCRA,0.023989825179520797,0.02211759501370598,0.020992676973148897,0.020417578424324765,0.02022324567293639,0.020176637411424548,0.020921579625079977,0.021266006777947176,0.023364958487048424,0.02514239218877135,0.027874110295685962,0.03206332403801337,0.03782062929052745,0.05401739515116085,0.07540031756815468,0.12025563446483442,0.1511079336740739,0.07801906988869313,0.04509625790957996,0.038570311327387474,0.03647688941202492,0.03172679659048717,0.027611050107830968,0.02534778452763711
8,2,LZ_LCRA,0.011269930914348527,0.010492482620257135,0.01000824752393732,0.009850446825136605,0.01008191192337747,0.01049862132021048,0.011387649513453866,0.011632836411590445,0.012375619105945297,0.01362683059643609,0.015338083483430567,0.017416213967636776,0.02096582694065972,0.04355082626901372,0.11956959769127108,0.24594231933083843,0.21693443435129833,0.1039783831097643,0.025965978602658566,0.018943666956028133,0.018313908560814298,0.01564429628110335,0.013786436795223081,0.012425450905566576
8,3,LZ_LCRA,0.011262425129473022,0.010592668920045617,0.010078318155516155,0.009820798955895453,0.009949730464383789,0.010652836957340176,0.011533697023332479,0.011858260607367114,0.012561367100323498,0.01349586267384695,0.015235922312405517,0.017913915698047223,0.024285882756218714,0.06648808793197643,0.13424417427276614,0.21645606134526796,0.20928334366504486,0.09615196177026057,0.02771511706465245,0.019486880101604907,0.018185531409262646,0.016048018907204042,0.014007462899528663,0.01269167387823571
8,4,LZ_LCRA,0.01192280933271535,0.011210293520939003,0.01082735402907051,0.010594771147506211,0.010689750881247477,0.01121062913837272,0.012087933110102993,0.01239871485372282,0.013375025968398934,0.014347309673870472,0.016241198852322627,0.019236920065660197,0.0261258035100885,0.05633976298025597,0.14572274039689448,0.22650887724893048,0.19609757472773873,0.08439905852597496,0.02626441351021267,0.020797541132433636,0.019188926772638993,0.01684061158893711,0.014432220884600297,0.013139758147364919
8,5,LZ_LCRA,0.016693012722104848,0.01584468240336824,0.015392017905184598,0.015061900563906917,0.015102274627228646,0.015770109133468106,0.01688348330318737,0.01727012433311547,0.01837969859099269,0.01993956240215227,0.02277097171345625,0.027052047392500493,0.03414838275752003,0.05708037573528294,0.10587219376510465,0.18306597786931345,0.1843740975209375,0.07003902509461782,0.033589795716739375,0.028192495934094328,0.026217016765211047,0.023131963338450547,0.019933387545408944,0.018195402866653495
8,6,LZ_LCRA,0.012094416196159728,0.011338949202794095,0.010928504387337102,0.010724926682787194,0.010741739204168337,0.011139391883791852,0.012100629519278846,0.012538120564783761,0.013452941021674995,0.014575725058259041,0.017013175168929293,0.020076708956249432,0.02559706380278766,0.06435577341984228,0.14419551354212046,0.20142423985473978,0.20024736335805998,0.09520163329990322,0.027442786258760784,0.020652720558351143,0.01876752522609186,0.016664132605472986,0.015070597970216983,0.013655422257439176
8,7,LZ_LCRA,0.023405774354440672,0.021646888993762402,0.02061333919865724,0.01997555640498353,0.019727134312358393,0.020058838309961018,0.02091301169434544,0.02155435354378742,0.023719683073201946,0.0258508456672411,0.028646128067639144,0.03440895116761943,0.04277202041189664,0.05916076041361923,0.08018339102562734,0.12728322325173844,0.14858701926943974,0.07096330115235107,0.04114482011464431,0.03551795294501188,0.03328500135600025,0.029354380165524566,0.026729932442003407,0.024497692664145435
9,1,LZ_LCRA,0.029109232966189075,0.027549193447488882,0.02667253407193611,0.02603143376087735,0.025740652058553255,0.025864902993670967,0.026910681697578404,0.027158320714097735,0.028861593949669744,0.03146741217227737,0.03420610986716367,0.039098490437423694,0.04561907596995544,0.05436409838258071,0.06690050002372848,0.08654854199293323,0.09055908606534391,0.06324545168234903,0.050806552511120026,0.046999641915707824,0.04320826268718533,0.03797936916764816,0.03394035092260633,0.031158510541915277
9,2,LZ_LCRA,0.0238249628394426,0.022534223396148807,0.02142381913072305,0.021100750578031797,0.02146449046871031,0.02286419840246054,0.02579176735380764,0.02583857776167977,0.026816992024580832,0.028713197235269876,0.03197611287907797,0.03602559685188496,0.0429013551229387,0.06076604848790871,0.07531410934757801,0.09747615163195661,0.10011364953124365,0.0658499657363162,0.06664344051893557,0.05865651059872046,0.038366117245491424,0.031603164383572156,0.028137659433563365,0.0257971390399569
9,3,LZ_LCRA,0.02292581239643877,0.0217622857797991,0.020735097834616543,0.02044615280931255,0.020905521173937933,0.02225961207000061,0.02552244436646286,0.025478289228547765,0.02607322161308789,0.028153161004351217,0.03056697521037599,0.034489035969395065,0.040620402927253246,0.06345558109323474,0.08700266402665421,0.11910035068475322,0.12283029786126456,0.06985497748475292,0.04307140040731178,0.03803926398807656,0.03422178118727743,0.030257114593428006,0.027261537079083402,0.0249670192105836
9,4,LZ_LCRA,0.021480884952774674,0.020351543956891944,0.01969105501953306,0.019175390899003705,0.019590847949302534,0.02084307060794971,0.023531838419390726,0.023418465456721153,0.024095777478863257,0.025620095247917408,0.0278487882624606,0.031819036271302226,0.036400035401621886,0.05077280131424864,0.07616468775988923,0.12997076440440064,0.17086256344314418,0.06775826543755746,0.04250023223171385,0.0382915352820317,0.03284524444307909,0.02807626562626859,0.02540285802267313,0.023487952111260566
9,5,LZ_LCRA,0.010736343175889911,0.010099481890002572,0.009644921721263295,0.009292586478027606,0.009686152441216409,0.010380259685385754,0.011896255330603928,0.01192760430775836,0.012195092862826076,0.012875570116928277,0.014177915667843958,0.016552259937540573,0.019769278343138408,0.04493535125336278,0.12677833036029176,0.2120035915023827,0.2408794069591322,0.10862522808936503,0.03322548603692705,0.019358674892365674,0.016378477564184476,0.014255947360978362,0.012635341541994851,0.011690442480590042
9,6,LZ_LCRA,0.013406925956400558,0.01250280505136903,0.011717797197225195,0.011554778994474456,0.011858862824044412,0.013044708453530465,0.014906612115870577,0.014855389438697027,0.015176140964807584,0.016107499325161555,0.017590111258907058,0.019737398408356942,0.023079068300155135,0.04398930340411278,0.11341188561244435,0.19939077536498193,0.21811916833885675,0.10619436648118097,0.03400332053037424,0.021785085907747147,0.019606089481951732,0.017401075188385625,0.015768453985774734,0.014792377415189883
9,7,LZ_LCRA,0.030681373376378523,0.02868652299913454,0.02727702025733749,0.026548926802816845,0.02649146936620856,0.026681797124973514,0.028804131189692134,0.029148875809341855,0.031238890065968312,0.03437840031314303,0.03776749130058498,0.04267022663367652,0.04729644805309066,0.05554338575127393,0.06640822790492229,0.08100690566566233,0.08101857670747341,0.05821874764334733,0.047419442878330276,0.044982888457160086,0.04293147841575482,0.03807901833969554,0.034362240409096946,0.03235751453493591
10,1,LZ_LCRA,0.03202649246223735,0.02920317717572484,0.02743110612305926,0.025534436324503126,0.025770712464858538,0.026917020927051588,0.029987687797998666,0.031192142341607308,0.03494025720872967,0.03751806681815413,0.03886927099581164,0.04217805991446065,0.0449349225364982,0.052174571149575716,0.06450523222437372,0.07892269155442012,0.07653131858699486,0.05610450789033095,0.04993825439925868,0.047535805987754254,0.04171566012415573,0.03880097242399015,0.03522729580111456,0.0320403367673363
10,2,LZ_LCRA,0.02870219273031316,0.026498892764428215,0.024420194395677955,0.025734956075788705,0.027428678475460783,0.03059098107860298,0.035259674025035465,0.035226160492013034,0.03543325693966446,0.03618774109334893,0.03827675131841379,0.04138405735454481,0.04373430127291272,0.054280752318663854,0.06183418706910404,0.07460542111472884,0.07506687668480692,0.057391495640233076,0.05027803342588224,0.04792607086479522,0.04264640043172305,0.039185053995457624,0.035429819654226265,0.0324780507841737
10,3,LZ_LCRA,0.027510239286210277,0.024767580588441196,0.023308132060193925,0.02347543667723284,0.024732657780030157,0.029227954165032197,0.0360354653301789,0.035553855437440655,0.03514371547819476,0.0363148477974672,0.03891131799491101,0.04081258065747466,0.04351057064681101,0.05192453099886541,0.061155522636071026,0.07969141231898005,0.08507764639763109,0.05348143852732953,0.05183681789867025,0.05017351762830274,0.04262044511149715,0.03845244853555669,0.03474900652731654,0.031532859520160605
10,4,LZ_LCRA,0.02514539388525278,0.02333518683949852,0.022092426148414192,0.022141802337240894,0.02292270575437701,0.02617089934549963,0.032200871451751115,0.030726422490018418,0.030709710549184765,0.031592404878671314,0.03260803510115282,0.034605112030774286,0.03818450590387292,0.04933288970726757,0.061806074638566307,0.1037720369728902,0.1269682108499997,0.07010811106452025,0.04543976712670082,0.0427012877310046,0.037340552891773474,0.03286479128305166,0.02953227835408653,0.02769852266443031
10,5,LZ_LCRA,0.025963721725651947,0.02394452575315529,0.022710750577256255,0.02203021268010235,0.023113468885807335,0.02648973748851091,0.03653767938178335,0.03433994229038632,0.03134397427726875,0.03221506278562575,0.033415211383077174,0.03593160033690628,0.039909144187565845,0.051194864420838225,0.06412748636522306,0.10327042494387562,0.11272109475329299,0.06234367644185963,0.045130070807966605,0.04604279222297303,0.037780261518704374,0.03294363865199053,0.02952093334571645,0.026979724774461727
10,6,LZ_LCRA,0.03072387767512767,0.027758224273373266,0.026296223790205017,0.02590781482993311,0.026990778150798478,0.03050416107829825,0.03769441274231305,0.03628343649253172,0.03636882398513842,0.036896768604060284,0.038780499995834765,0.04075899067818496,0.04328416957539508,0.05003602935663649,0.05799789238676786,0.07772552711157023,0.07353737473030049,0.051035687806666064,0.04860735082180256,0.04928107896468707,0.042756224956473216,0.039039786406311186,0.03707795669812814,0.03465690888946277
10,7,LZ_LCRA,0.029321911284824326,0.02576900190656612,0.0242935383195502,0.023141618482068044,0.02326739286191361,0.024231952243901678,0.027992172496526028,0.029445950845637538,0.03252612203757965,0.03457060626720724,0.03653615623086278,0.03920517531213731,0.041946189383254485,0.0470300765575639,0.05867678413126334,0.09434813307449834,0.10378641602001289,0.07069821261595097,0.04966179702964286,0.04623466203123021,0.039320540777788765,0.035961063721637876,0.03257903401806641,0.02945549235031548
11,1,LZ_LCRA,0.03278448199634202,0.030372592182358882,0.029377818525361494,0.029590734992297772,0.030800752072154252,0.03257738291921274,0.03709051393148511,0.03824468406919436,0.041837504013998966,0.044679880673700274,0.04323367756767952,0.042710112485049315,0.04302890544647304,0.04308475238862026,0.044223797312831305,0.04666361059788805,0.04694517226454697,0.07066267050769524,0.0595526194542823,0.04920464646558665,0.04592131165851456,0.043287197553903936,0.03876941262978596,0.03535576829103703
11,2,LZ_LCRA,0.025576516809693355,0.023540132851826604,0.023534840793724043,0.02488431560987794,0.027431912380452405,0.033166386540391106,0.05002794206678154,0.04618484947269933,0.04350389283794025,0.04302972443195048,0.04333772221351972,0.04314826653344792,0.04446598900098644,0.04800320063674043,0.050525395528422584,0.05088313865615593,0.0511773770866585,0.06943286071726439,0.058213697539828024,0.047393555543325014,0.04293446738610432,0.040486361307858064,0.03699889501826818,0.03211855903608336
11,3,LZ_LCRA,0.023571300588524458,0.02210665110744591,0.021243849436973668,0.022716768582625432,0.02589140092712128,0.03325232124890312,0.06476525638257305,0.05830021638955633,0.04676954741963494,0.043436872596628734,0.04258142173911046,0.04135751138227443,0.042184477839596064,0.0439247828064485,0.046000468614325815,0.046526051740534674,0.04766726545163854,0.06936043333042363,0.06113671133816955,0.049867915079733344,0.043855868935005024,0.03855317624033482,0.03436321285657185,0.03056651796584628
11,4,LZ_LCRA,0.02974135661117779,0.027550433009310288,0.026356456823460404,0.026880353598544345,0.029636940442833506,0.03487681616035417,0.06033983376945999,0.053271313155892425,0.047206095725111266,0.04378124540341867,0.041811865671777304,0.040143930878312487,0.04004496251005572,0.04141054439866274,0.040555239784920843,0.042044305142178495,0.04490440018813069,0.06792044759125519,0.05913768588347881,0.047732716400238975,0.04403093624076371,0.04085123692300987,0.03631775928350533,0.03345312440414686
11,5,LZ_LCRA,0.03138841815613615,0.029184072284488508,0.02812045659300665,0.02877404890563255,0.02960538071046894,0.03492439958847194,0.05195447611989985,0.046330760969536006,0.04403237303851773,0.04662605303595979,0.045933903478991935,0.044728284277860415,0.044447098520342225,0.0438941312112429,0.04445650272627929,0.04440948169659397,0.046203804189385654,0.06380753728297442,0.05465724490621184,0.04658091284746189,0.041919247964459616,0.039775089010809186,0.035517804983100636,0.03272851750216766
11,6,LZ_LCRA,0.030978034170329537,0.028696607086611946,0.02784911178519778,0.02890658918138197,0.03049375114095001,0.03539806267870943,0.05856041194325187,0.05289562471091992,0.04565880936368805,0.045289921899902864,0.043513586881983445,0.04362709071699427,0.04294985116809635,0.043865448770517006,0.04431946411056031,0.045167905277266225,0.046435364768220445,0.06197782324236948,0.052072721907091446,0.04520006469718596,0.040566270632869016,0.03826970970448331,0.034813517928403676,0.03249425623301581
11,7,LZ_LCRA,0.033197719048141255,0.029961618598530547,0.02836714552034215,0.028800307051211765,0.030103081478232274,0.03268450487992105,0.04093760280732538,0.044305296633402796,0.050313630880579024,0.054288847461344464,0.04806777058888038,0.04525496216690428,0.04338743283254744,0.04304309683079286,0.043792082465182604,0.0453788792630771,0.04658295865774757,0.06154183572760173,0.05267024893080383,0.046944840443031044,0.04162627481083453,0.03926198048031583,0.03629893628687357,0.03318894615637681
12,1,LZ_LCRA,0.03243205934051775,0.02982670875475101,0.029206431010206053,0.029802781126623164,0.03133875079375304,0.03335879478377706,0.039034244117024504,0.04048738737909645,0.04613062644371025,0.04800158290462998,0.04517352131859636,0.04278351938598024,0.04047266268486393,0.03884926514572845,0.038219784467288166,0.03790596442145755,0.04101563578468815,0.06915360616964687,0.06120963363120162,0.05261869483991496,0.04951638582380062,0.04553703720746173,0.04015608175886472,0.0377688407064172
12,2,LZ_LCRA,0.03128932891720471,0.029159996719990578,0.02860738643858716,0.0295191934029028,0.03220380980223681,0.03817110953448822,0.06768228117524162,0.062407526908555465,0.050831232820059385,0.048234855804368815,0.0434939943740708,0.04072826904633726,0.03860428469055606,0.03744558571341986,0.036724518426878953,0.03634482168514048,0.03825043584907678,0.06237365724614687,0.05340176193549076,0.045420108596833354,0.04215346878821478,0.03939309130191416,0.03532516658526063,0.03223411423702345
