Month,DayOfWeek,SettlementPoint,X1,X2,X3,X4,X5,X6,X7,X8,X9,X10,X11,X12,X13,X14,X15,X16,X17,X18,X19,X20,X21,X22,X23,X24
1,1,LZ_WEST,0.03461137730560588,0.03154775515440718,0.030773831017596422,0.031304610539232676,0.03374536861240989,0.0375301473456368,0.04667135021826109,0.05079032346511081,0.0529693130802491,0.049486654464600724,0.0449786498334718,0.04188709191797645,0.03913386714785158,0.03741426565670257,0.03607852226014818,0.03584468956640589,0.03716698240978041,0.05230713200062494,0.06375769138843852,0.049952250536211475,0.045838450579046314,0.04264549618573352,0.038372358906283786,0.03519182040821394
1,2,LZ_WEST,0.030579542119872415,0.029609709868139367,0.02954909535240605,0.030804681749739014,0.034660919512582315,0.04016240841675846,0.06698385056116532,0.061689220718618744,0.050257130624281394,0.047720942315185845,0.042911228598505796,0.038942421020729194,0.03698158954351496,0.03583183801492271,0.03506309201379701,0.03437420323181203,0.03597712042564859,0.05433850801699129,0.0586931317980863,0.047639160825704394,0.04472100485397192,0.04128714443092109,0.03766278124413698,0.03355927474250856
1,3,LZ_WEST,0.0256467415278783,0.024554906507211142,0.02421267784508973,0.02684297198905497,0.031126324762441513,0.039094130150502136,0.06937587225137797,0.06576912752099293,0.049833516744871686,0.04583666273679321,0.040401035477181366,0.03768204445518925,0.035804496382266286,0.0342558331933545,0.03266085924511893,0.03334767135373415,0.03631626951920014,0.06182250891285888,0.07029502308473615,0.054324090543028995,0.04803524641248602,0.04345048123943292,0.03626917383175224,0.03304233431344693
1,4,LZ_WEST,0.023209109039525732,0.022796276003169105,0.023016655991694772,0.02451863971514521,0.029527275818001346,0.04503583451466317,0.14279469752391247,0.14371203681499314,0.06524097610728803,0.037170758064663016,0.03431553193233181,0.03105536515992727,0.029523026066156498,0.027969438213161484,0.026481417960058404,0.026378209700969248,0.02770413227656171,0.04034835822979623,0.04487616526677818,0.03690363080584402,0.034470951428371956,0.030944871611961237,0.027273086018012878,0.024733555737013215
1,5,LZ_WEST,0.03113673499538646,0.029923856722893143,0.030147677439844863,0.031343747041895166,0.035635266006056425,0.04595755899179825,0.08553313121644346,0.07512237154415947,0.051883057656393616,0.04530821351257863,0.040693791142538405,0.03700738431432567,0.035284053260483964,0.034001286305622325,0.032243453244029156,0.032352267268476044,0.034114523664396317,0.05025438595715204,0.05368512406125787,0.043746776495109115,0.04084064584219843,0.03779562249141652,0.03438346239148455,0.031605608434060024
1,6,LZ_WEST,0.03300536935763492,0.031222008178303652,0.031607490116953185,0.03283088805908829,0.0359056137328955,0.042328960142181966,0.06961803812010602,0.06125003677294808,0.048759407534548806,0.04459011604020779,0.04233098899449064,0.0391487341483233,0.03671614023021386,0.03531826098953213,0.034050228296606026,0.03356026046405938,0.036158205845326384,0.054232236637217865,0.05626413222436265,0.04647086213035578,0.042590682090001906,0.04123135104318513,0.03678309235640036,0.034026896495056184
1,7,LZ_WEST,0.035743747147325707,0.03314859868264024,0.031989732466259926,0.0320577779080528,0.03449799213604063,0.038997366117976134,0.04727378554589193,0.05224005594382168,0.0585557197951518,0.05500060717471138,0.047380564546859225,0.043520817717776814,0.03914287867811784,0.03678117842142949,0.03576677791224022,0.03536269267328557,0.0362378617400371,0.04946170821277076,0.05660857330692472,0.04695135483708874,0.04261947732725879,0.039703991859671446,0.037211434984150644,0.03374530486451628
2,1,LZ_WEST,0.030114784185803378,0.027509793983396792,0.026148094559411535,0.027296080818232617,0.029615157461838477,0.032511837254536706,0.04009432259424677,0.04418952892131167,0.048924430735996366,0.05076409676585556,0.04736490223344697,0.04478734818062227,0.04310074698527256,0.042024961120088015,0.040980943428103565,0.040637269554393604,0.041157112388576736,0.050079637034181106,0.07529490250780846,0.053012417023697606,0.04763926372926585,0.043120963095490794,0.038658978768752246,0.034972426669670195
2,2,LZ_WEST,0.028733395682590392,0.027102788236660087,0.026908850574859297,0.02848586998266044,0.032490937879980655,0.03994860651962279,0.06469990060694832,0.05867124631741726,0.04960721243956991,0.04809143650391639,0.04436451604259994,0.042474899745711996,0.040928502073984664,0.03998688368971505,0.0386038019437147,0.039130750985318145,0.03856935249063166,0.04778649504884805,0.06926253928194581,0.04865921452695159,0.04315112975067527,0.03801178171295439,0.034388209610887045,0.02994167835183609
2,3,LZ_WEST,0.024423586726891013,0.02329405027228954,0.023092158826548855,0.025663965543859926,0.029976261260726306,0.0386364805966486,0.05719993718932798,0.05231495593356319,0.04641655879329614,0.045000679569245465,0.04335519830886224,0.04211613904382627,0.040502327029833744,0.04076623741642287,0.03971851318166403,0.04061316939220118,0.04159623558224569,0.05088060298245127,0.07982101597581524,0.052611855118475964,0.04766881357766156,0.04282605798375103,0.03781308019049051,0.03369211950390125
2,4,LZ_WEST,0.029151878309993284,0.02703503530443851,0.026509706294502545,0.027437442501704726,0.031493862319806325,0.03892480937414682,0.06243522343950758,0.053672839066881105,0.04596499445557929,0.044656847586009685,0.04315978929907394,0.0426603385654895,0.041915044206565576,0.04097695668882278,0.04042963114398802,0.0418645815676801,0.04047879986905591,0.047962797389917045,0.0715172045250754,0.05117040974368861,0.04675816362575354,0.03998323087692421,0.03340109128691374,0.03043932255848167
2,5,LZ_WEST,0.02613425191497077,0.0252186919276617,0.02485738890579574,0.026217131461205252,0.029058345905556168,0.03819970085663781,0.07390654036169153,0.06267377186109906,0.04956196864822166,0.0472517012969354,0.0445335111790263,0.04249648733173186,0.04062522257690639,0.03948044884454258,0.038449634488251186,0.0389015870138111,0.03999197104395854,0.04811028159620826,0.06779546881980822,0.0487228132425975,0.04381608510693404,0.03949469376655163,0.03461775046781619,0.02988455138208119
2,6,LZ_WEST,0.027508295169088776,0.026040134725311314,0.026189078538448155,0.028212962116954687,0.03185645320973918,0.038170919909532273,0.0714154293274123,0.060608867288559236,0.051539565860075416,0.049042566639840086,0.04491344361850859,0.04307855597095721,0.04035626358799388,0.04001582058653823,0.03910213164880801,0.038682836040397565,0.03903329207130779,0.04882978976393031,0.0632485521785223,0.044982283196008804,0.04156784015199779,0.038823018452761655,0.03516200455843166,0.031619895388874775
2,7,LZ_WEST,0.033638397508307466,0.031146156630073585,0.03077739271574745,0.0313257405437417,0.033302534463660986,0.037380871434368246,0.04288354188829058,0.04737451059956351,0.05185725409341654,0.05606171106456247,0.051702345832008154,0.04502484015660814,0.0420994044942588,0.04225294188609719,0.04046121535812596,0.040117127096059566,0.0399142383997017,0.04789955364486801,0.06472423587730168,0.04623257624776548,0.04223512058168737,0.037923735784082556,0.0336164635951877,0.030048090104515094
3,1,LZ_WEST,0.03503541535310863,0.031950494289068584,0.030404886746313253,0.028820239259571313,0.02954889982631052,0.03149273180859812,0.03644076828228244,0.03907124398527573,0.04049097109861889,0.0439418810057404,0.04449473424302357,0.04319110630950986,0.04201021179467303,0.04160331181203262,0.04128376264088295,0.0449171141163079,0.049461567726775506,0.04705444473164461,0.053638926787687086,0.06502549206277113,0.058267414090221736,0.04698367951727237,0.0393974273952728,0.0354732751170369
3,2,LZ_WEST,0.024734742063941776,0.022577596630556578,0.021959720802903527,0.023201385145555583,0.026068053060456245,0.03330715326769594,0.053723662673303335,0.05212920798567554,0.04218012607820318,0.04179185960915166,0.04173568907936502,0.04181255401486254,0.039593325364344734,0.04043489786325334,0.042319074230833295,0.04709948195004371,0.05269682597088791,0.05390695598102816,0.06839993811387246,0.06432314018883153,0.0549643415680644,0.04277435115647238,0.0360338875820755,0.032232029618621816
3,3,LZ_WEST,0.02645155515775341,0.024002685164466322,0.022968001790109643,0.02378787200716044,0.02698769299619602,0.0351568583575744,0.10244618482882076,0.09287357350637725,0.05308212127992839,0.040947863056612216,0.03682345043633922,0.03673036473484001,0.03571984784068024,0.03785544864622958,0.03868068919221302,0.04182143656298948,0.04464085925262922,0.04230834638621615,0.0515211456701723,0.04847527411053927,0.04161467889908256,0.03564018796151264,0.03149429402550906,0.027969568136048333
3,4,LZ_WEST,0.029505323577093283,0.027174341672873855,0.027145861630811025,0.02757087148928712,0.03085703018884459,0.03756408009464137,0.06542741970818912,0.05738071243920607,0.04590435087411822,0.04482977697936292,0.0433948210138895,0.04235420409236297,0.0417725540025413,0.043482451912544365,0.04397647110371117,0.046028129518468214,0.04753976252026465,0.04555930421066468,0.05570367611619857,0.05193335670157298,0.04713227884151952,0.03715659641589625,0.03254063882925119,0.028065986066687115
3,5,LZ_WEST,0.026016169665634574,0.023346970856892323,0.022026001403884988,0.022782463704575345,0.026061602836847206,0.03215987024286301,0.05436306101447727,0.052356050676159165,0.04432346600576546,0.04317400677408582,0.04261517876817043,0.04329554050707962,0.043501125606816786,0.04491296140224939,0.04696654074106045,0.04980952142969102,0.05503206446058331,0.05253664753172938,0.061927684021380845,0.059619678923779035,0.05228562926077957,0.0392599390741174,0.033577385184697196,0.028050439906680266
3,6,LZ_WEST,0.02471703495594281,0.02191892294281373,0.02174276235709683,0.022814500630200293,0.02597857205365738,0.033833061136815404,0.05560196345179281,0.05105020122084969,0.0466507326575586,0.04978639108331941,0.04739969927683239,0.045791523607223265,0.0447732017697888,0.0465836779829954,0.046961002592401914,0.05003528894313878,0.05163664549330079,0.049055608782571244,0.053914231388634125,0.05263791953211749,0.04895673155058821,0.041319317769829715,0.03578901189822692,0.03105199692230409
3,7,LZ_WEST,0.027853436327285336,0.026122693414636404,0.02552588551372298,0.025975549397687057,0.02889990811216284,0.03168638362194483,0.03581053201308449,0.038009460434208615,0.04193913176798167,0.04573503581361894,0.045516892236043695,0.04636168410957805,0.04596244020344975,0.04717046171322968,0.0486717422777688,0.05469641513957587,0.05704351655678884,0.05349559648377248,0.05249645773931225,0.05546403357764727,0.05036749989967453,0.04233837567410995,0.03821011136641227,0.034646756606303314
4,1,LZ_WEST,0.030489988604916158,0.027942373433175967,0.026724959884653836,0.026106369619311173,0.026811004395246616,0.028244691983907343,0.03272249482570172,0.03586195669868142,0.041026952861561355,0.04336294504778958,0.04367340294411757,0.04468151903444105,0.042989697914001986,0.04568614683379455,0.04744889653728982,0.049958140508360255,0.05282667844933838,0.05094416408920721,0.05161391595544288,0.06064393851305783,0.07220646031487638,0.04741750191856002,0.03865840329294667,0.03195739633962
4,2,LZ_WEST,0.024571595582638987,0.022025957133124323,0.02044590568170143,0.020493786028714246,0.023019474333640235,0.03074915785452155,0.04974768054631476,0.046257402750526436,0.0436948066781114,0.042633458985994,0.040366125053491325,0.041478345614309846,0.04263545400045287,0.046747178800178354,0.05232723424163017,0.06357811828241226,0.07643897899150025,0.06316116026050898,0.04859156966740117,0.050207531379083674,0.05300154912872731,0.04003196013163106,0.031523223464562065,0.02627234540882335
4,3,LZ_WEST,0.02634659826802448,0.022781065088757397,0.021038931355867638,0.021193844122203317,0.024298448332783096,0.031880285445818626,0.047730908906214294,0.046410341062041297,0.043291769306955837,0.04428473474363207,0.04361302283058638,0.04385174086395612,0.04338446301140259,0.0470414201183432,0.05097518856185083,0.06566269649795566,0.07009675699012115,0.05985981664423395,0.048666734388094574,0.04890291286791782,0.0546080199100998,0.0398951164385301,0.029838484394443456,0.024346699850166343
4,4,LZ_WEST,0.02095730781640933,0.01955028008315217,0.018781968886702534,0.019472258808469676,0.021758678875012566,0.0260683625053557,0.03913362002845794,0.03711300125362998,0.03560547153942587,0.035918879032641994,0.03596384044517088,0.03947876498934151,0.04213413311751856,0.046894753267636785,0.0491097640319279,0.059257819318596576,0.0719885110367044,0.06679150070615866,0.056166061009992024,0.06156672009140391,0.07463594479796458,0.049596405202828875,0.03959645809860832,0.032459495056889415
4,5,LZ_WEST,0.02441198152963657,0.022237055891554464,0.019115872555959403,0.017905542942861438,0.020205169207747575,0.026100330212149997,0.03688204421003987,0.0373942948240682,0.03772438471854946,0.037608241977898645,0.03881123626000814,0.04013893116892167,0.042948362937506646,0.048437635627213586,0.05350023656442438,0.06452646159526333,0.08014704893521557,0.06682242019465523,0.05349779145409488,0.056298665336526645,0.06266206496902656,0.04546193635622323,0.036609414408301635,0.030552876122152826
4,6,LZ_WEST,0.02761314432891542,0.02553133691387284,0.02417308451503408,0.02408422688146519,0.0265988979114648,0.03308169697769801,0.04441739223155792,0.041859561779539145,0.0406523673577675,0.042971551593915545,0.04196999912411762,0.043460268578544445,0.04502162413982638,0.04790315025698898,0.0533323516680482,0.06105788820948061,0.06854604792980756,0.05463094251291928,0.04702472907942223,0.04862289708889699,0.053196526428164324,0.04166788316998339,0.03376336196664793,0.028819069355921795
4,7,LZ_WEST,0.02631640098526746,0.023357500271103473,0.020992445250009036,0.020789763133026603,0.021458485022178845,0.02543079632125503,0.03341802089304065,0.03595864768425999,0.04099859026196341,0.044924426680712413,0.04729464557739875,0.05050012135107641,0.050004389294253125,0.05196149814358673,0.05382694820116394,0.057338383603662224,0.06212787821515804,0.0541587272079441,0.04826674515757567,0.05157549844309151,0.05834921225077846,0.04644776998032564,0.038856872860219056,0.035646233210949486
5,1,LZ_WEST,0.029723294729277327,0.026670174717674723,0.024659243358022952,0.023317692756091597,0.023829954974847092,0.02546528935377796,0.02941928430181263,0.030168618872260775,0.03073480342983263,0.033628015815979795,0.03713482723003735,0.04051984853400966,0.045736369966744794,0.05171524170688375,0.057262734736491766,0.06965836479577844,0.07269753937492854,0.061676928955459225,0.05203877573978196,0.05129501934231481,0.05636093010456286,0.05151907595705179,0.04037667542749724,0.034391295818880445
5,2,LZ_WEST,0.026808038557188916,0.02425241820339051,0.02217189186290479,0.022886627653655626,0.02582684792299287,0.028600324438098682,0.03506478707073957,0.03395120692313364,0.03167796167072214,0.03294068949799237,0.03583231108519181,0.03966741743251486,0.0438929890535658,0.050717752260676624,0.054769038952681634,0.06645534619019848,0.06998461600337845,0.059311339915941036,0.05007842821807066,0.050411915726533536,0.0590398576226195,0.054355112246197566,0.04373378647414885,0.03756929501746201
5,3,LZ_WEST,0.028692876600827373,0.026470079166205376,0.024386060385867034,0.02403755443943559,0.025734864160646426,0.029305685714686683,0.035766689692488335,0.03422609069886748,0.031049774757566168,0.031368653800274135,0.03290691382781156,0.03747725355483862,0.04146051279492414,0.04813748130776272,0.05915011328392398,0.07042938739359654,0.07840292277201787,0.0578527667629801,0.04756053634051604,0.051253763786255936,0.05809056164812907,0.050757902976568244,0.04044929979152016,0.035032254342290535
5,4,LZ_WEST,0.02411749552420811,0.022461161259254177,0.02123784286895995,0.02143396216645156,0.023766681467308922,0.026155712249624267,0.030568072813981818,0.029172583687275808,0.02730783221508656,0.028524030762897595,0.03010851934461203,0.034798553765814144,0.03961739261012131,0.04793077959686158,0.06252257313696376,0.0829260999185749,0.10049592939187485,0.07717715074259957,0.04625373306286563,0.04843758292998348,0.055829921202761465,0.04949520316794155,0.03764584350068415,0.03201534261329288
5,5,LZ_WEST,0.027815387977302968,0.02520859510770462,0.024300536419059486,0.023776372460573274,0.02625618476558059,0.02979244583762139,0.03551469209427864,0.03384548827718381,0.029268281879135175,0.02995855413432477,0.03148896524128522,0.035468181771201694,0.041768484900386704,0.047563080548496985,0.05776803603885605,0.07255536574093899,0.08181682610602287,0.056767694963153495,0.04693408379831353,0.05032638434654473,0.06008469308354583,0.05418452638464185,0.042065265057163403,0.03547187306668399
5,6,LZ_WEST,0.026009680757826486,0.023589098986494174,0.021835452225091354,0.022284260255302724,0.023815072260446758,0.02717642471049136,0.03214312896090741,0.031461285991932444,0.028857100935513663,0.030166647443245796,0.03402388568890856,0.03926599486695431,0.04459598254042607,0.04965919620992603,0.05547800801420494,0.07179594613362082,0.07830993960707329,0.060688732015312837,0.04860308500596711,0.05266197301345562,0.06441650640610692,0.05812063991237259,0.0414480492935589,0.0335939087648599
5,7,LZ_WEST,0.02941043983172332,0.026338498281638215,0.024587897892831813,0.02396255728976676,0.02515671053177799,0.025927787292337016,0.030119689131527322,0.030771527217773098,0.03016296835405584,0.032903691364381905,0.035708891583781065,0.04071868240381634,0.046119752725486955,0.05090696468680417,0.056096055143029,0.07302883014495007,0.08239392395045678,0.06175061805379519,0.047359834938344766,0.051005888624012195,0.053785474609669995,0.05004932948118811,0.038815279862001104,0.03291870660485098
6,1,LZ_WEST,0.04011677603853549,0.03825280490733847,0.036444029399874386,0.03531774032099984,0.03465464694939754,0.034741915705840135,0.031790441609743064,0.030277037277930845,0.026258199160728156,0.027473248769659703,0.029669885416868668,0.033194200580896636,0.03834902430546749,0.045036645418837805,0.051551220792937336,0.061710199107024306,0.06562535895802594,0.050941085384646353,0.04403491943676594,0.04703413028852392,0.05398504944483644,0.051610891737513466,0.04787847415427623,0.04405207483333158
6,2,LZ_WEST,0.03480388335995847,0.03277956581983347,0.03142573251916669,0.03017784480938496,0.030970923232581594,0.03331837482490599,0.03366950878326786,0.03196605503268042,0.028353310383500335,0.02911006460410781,0.031831352781412296,0.036302256716761266,0.04159045521036632,0.0481984330647108,0.05270490444842833,0.06591253586069062,0.07042506127817301,0.05222436551834258,0.048573783158132114,0.047428814022353,0.05149182743279455,0.04854654000619024,0.045644387570160566,0.04255001956209659
6,3,LZ_WEST,0.036167235612211975,0.03420402604251621,0.03291740695417982,0.03181803885311696,0.03339211746488495,0.035645712354688476,0.03531729167779078,0.033494520348550154,0.029554203674946912,0.029408645290308514,0.03196798593276958,0.03552868048764253,0.040474739768671886,0.048209083282070936,0.0536788601681309,0.0650309512715878,0.06521893370803035,0.050658706549176424,0.04770365190626625,0.044108579240448545,0.049755366825415516,0.0486552672751836,0.04561975322367935,0.04147024208773147
6,4,LZ_WEST,0.03627383645904876,0.034809463014945544,0.033660651735557524,0.033245402176760176,0.03311133981920144,0.03453721330421086,0.035587024688786266,0.03286384008216991,0.029025531660372608,0.02836278236454373,0.03147784155479334,0.035001275311144976,0.039118020937102746,0.0468750751952326,0.051072258235725615,0.06370849480972425,0.06939548876729318,0.050074009296365116,0.045750326390278206,0.045016077170418,0.05124413305310862,0.05038682146400218,0.04654301304804863,0.042860079461165566
6,5,LZ_WEST,0.03685072261809461,0.03508165073843103,0.034150664307904165,0.03386405489723241,0.034512385150338165,0.036491637264494364,0.03650481470866318,0.03537353112677031,0.028317009774369215,0.027683833582057598,0.03004457270490102,0.03347861465529454,0.038225788917110586,0.04482307634022843,0.052473241552434706,0.06599988799172457,0.06893648142474526,0.05098419036135847,0.04515778342211637,0.045300758691348024,0.050376051312967594,0.048525938151665796,0.04504050416901391,0.04180280613673575
6,6,LZ_WEST,0.0381171609124442,0.036673357262295134,0.0358866176712384,0.0358785517290588,0.035939976981041934,0.03690168547168699,0.03744520588317413,0.034905675010780436,0.0262676713935156,0.025632323332599124,0.02845788492382338,0.032077011134102495,0.03790496458741154,0.04488262502985949,0.05435576389125869,0.07069115817622842,0.06901592403123381,0.05162699360618968,0.04387562317159051,0.04475419041207658,0.048048197106808584,0.046677607393366696,0.04389982099812932,0.04008400989008602
6,7,LZ_WEST,0.041226136624386615,0.039517860520686184,0.03781998488032642,0.03658622991654278,0.03594725145005209,0.03686964254257527,0.03431697882140649,0.03218813398136886,0.026029759625791325,0.02623841892156295,0.02881448368524817,0.03194047294806983,0.0370978027071106,0.0419892706220062,0.049312496871735625,0.06082580978982613,0.06500419593692898,0.05125153325580654,0.044634888484281966,0.04507950829209441,0.05304431312414967,0.05068275791686518,0.04835370415752021,0.045228364923657345
7,1,LZ_WEST,0.02455751120036436,0.023295004376782613,0.02259638035232985,0.02151845054973959,0.021104998022718667,0.02085120461885538,0.020844282980568195,0.021117918414188072,0.018193295516578018,0.0192057004767163,0.021869608332175886,0.025433329164968946,0.0307200764887175,0.038394327578990896,0.058726409326307724,0.1232079301671299,0.14998313427470694,0.10779113448881626,0.05375344293824469,0.04124788832351923,0.03995769494678876,0.0368512636835021,0.031523447972582934,0.027255565804707362
7,2,LZ_WEST,0.022331088803075515,0.021474915943109494,0.020517586410397363,0.019269270023317693,0.019852104639905926,0.02044699196643837,0.02035315301044411,0.019879223237280415,0.018246511493765525,0.019284766364674546,0.02228330841722522,0.026456559235410522,0.032663274402755946,0.04343452300754716,0.07854708025253872,0.14208380163133433,0.15625391444039488,0.09727570014407294,0.04297781139144663,0.03553440209303918,0.03603846364106342,0.03277863605507917,0.027593818509432756,0.024423094886250402
7,3,LZ_WEST,0.02578491350561985,0.024703797983493463,0.02352042866435988,0.02287196488635441,0.022841134595799475,0.02340841194201028,0.024467432422572297,0.023555369660322137,0.020909103054356885,0.021467645151577126,0.024115453272070122,0.02828781926050465,0.034443600607973336,0.04609385357050733,0.06927360752423518,0.10991717956280594,0.1481313247056478,0.08529970639286628,0.045218273318747185,0.04017289626943208,0.04075610259909626,0.036636661942781035,0.030644794973429427,0.02747852413343761
7,4,LZ_WEST,0.020997442164497244,0.019882453248451084,0.018541465355539136,0.01780435400443358,0.018018075370886146,0.01873699766952765,0.019723753765702266,0.018726993690672426,0.016861706360484282,0.017409651565963736,0.02020803728755755,0.023824475643721935,0.02905109986926618,0.04055203774228386,0.06984277837776387,0.14882146308190758,0.16629386687887227,0.12370829307110781,0.04076848746660603,0.03431046438924572,0.03504030011936565,0.031984084579093956,0.02578934803615074,0.023102370260899216
7,5,LZ_WEST,0.021548755236417257,0.02059755039469412,0.01976078821719621,0.019110328051227737,0.019217850926453294,0.019893328791112865,0.020635875379923035,0.019877360047267485,0.01832679501988109,0.019331761299217,0.022493040289140724,0.026350556510723017,0.03195718247483593,0.04081291552002215,0.06509977803446056,0.12733529571452146,0.18958784672135076,0.1015665337712318,0.04109183624585479,0.03495078965438316,0.03563265501658088,0.03353542665822098,0.027441754006823978,0.023843996018459872
7,6,LZ_WEST,0.025973196347373592,0.024733554749973963,0.02390655151159733,0.02301681803454077,0.021479063926717272,0.02224794098062902,0.02242980112212312,0.0215302840298596,0.020812051572313296,0.022620293865270417,0.027430379506433886,0.033392629714911214,0.03920639917495349,0.051702377821350044,0.06878917402691877,0.1192398246085547,0.1434358560289227,0.06901362166990199,0.0426997253106154,0.04010879380110142,0.03991427251051596,0.036477921545765166,0.03203961328246622,0.027799854857190876
7,7,LZ_WEST,0.024307217595980774,0.022385624147002396,0.021768993413375,0.020936764444092808,0.020363648950689324,0.02046007476709457,0.020623751409300395,0.02010453547481061,0.018372332219079458,0.019647130961093422,0.02287418161678897,0.02732361492968333,0.03358634808236249,0.042064897046897566,0.07127648001265899,0.13644253021342248,0.1527048677730087,0.0965662519532409,0.04638081769092312,0.03781721621140495,0.03659582253693851,0.03324959946199339,0.02868396067804656,0.02546333841011136
8,1,LZ_WEST,0.02383365033687014,0.02184777403956549,0.020804679583483213,0.020390106354882524,0.020277254663165132,0.020216126663484876,0.020897938967610784,0.021248249427316852,0.02321923557085323,0.024863422023791333,0.027629855855474603,0.03169878629572943,0.037476165957816984,0.05323151602925054,0.07453148914860454,0.11927640122224653,0.14998303306162722,0.07728068174960875,0.04555603360786075,0.040183039174427185,0.03869167272068971,0.03324422751841481,0.028172170929560956,0.02544648909766452
8,2,LZ_WEST,0.011571310628406054,0.010775796454392252,0.010275421262542961,0.01013143355522484,0.010364965856646272,0.010809465221775099,0.011745743497719301,0.011927698112937226,0.01252442328804168,0.013632269006287823,0.015313558305171561,0.017534622417310047,0.02105193407368804,0.0431243183417774,0.11805559286580311,0.2431207365580133,0.21427806461896093,0.10307621498582509,0.026727628626332205,0.02012461025715417,0.019969519020167237,0.016814325702343026,0.014212159797700855,0.012838187545779674
8,3,LZ_WEST,0.011177394920172768,0.010462231529933665,0.009979952033485746,0.009801419181376994,0.009963440324620198,0.010824113149236954,0.011730193173233969,0.012025339969205663,0.012644185057729063,0.013600832190126826,0.015397512511059405,0.018064497486780316,0.024887961175468553,0.06683079763937602,0.13260037399020583,0.21429893348120485,0.2081125465595791,0.09546416477584665,0.028413899006132722,0.020356185079744675,0.019307691566782297,0.016849166915488947,0.014304299786586164,0.01290286849662267
8,4,LZ_WEST,0.011903069042772487,0.011210297828642874,0.010842698174829598,0.010591775778132891,0.010674311678763645,0.011215932809810434,0.01212316477778783,0.012384362728378326,0.013347944508031338,0.014312852165606129,0.016232391926861923,0.01926600061189266,0.02603361299413398,0.05561925294071436,0.1440705579194854,0.2236245591041573,0.194014390416024,0.08403646296872685,0.027169558903618284,0.02179146658340153,0.020933623568010408,0.01932268189304872,0.015494540863391812,0.01378448981377713
8,5,LZ_WEST,0.017231328862533812,0.01628065404572421,0.0155794734003505,0.015353630163381583,0.015362905039643139,0.01682137933177299,0.01877234955339152,0.01901674254288355,0.018598909367300402,0.019906203176366873,0.022659450194610093,0.026875345199300862,0.03361122408425669,0.05550456949966217,0.102900114683845,0.17834891435254638,0.18005317286560749,0.06934546734478379,0.03469916706973733,0.029651779408197975,0.029196846727568598,0.02488773921644918,0.0206175861856283,0.018725047684457582
8,6,LZ_WEST,0.012152940618337622,0.01132108816585769,0.010892305708854539,0.010842329375183564,0.010922726085871654,0.011282700547240855,0.012496256301816494,0.012932281705728483,0.013478037755309353,0.014604315999633508,0.016969862460059677,0.020086502514932242,0.025596212228484554,0.06383209110758059,0.1425853771420563,0.19904813191724063,0.1982615478829409,0.09476490661849625,0.02826451386970011,0.02170059323356657,0.02055548332727944,0.017899494695808905,0.015568352233199715,0.013941948504820363
8,7,LZ_WEST,0.023188639618678848,0.021387044364813836,0.020409116383336444,0.019937135222956256,0.019765891683507973,0.020131730154147487,0.02088038992578503,0.021569609791167794,0.023645760802495343,0.02562638339305628,0.02837335620354488,0.03418572989374409,0.04237994554172399,0.05836291176287439,0.07912725234787629,0.1256481780253497,0.14693474064387568,0.07034288334493827,0.041578922043147705,0.03723344032516459,0.03587410627855238,0.03116844703338258,0.027401089165520323,0.024847296050359752
9,1,LZ_WEST,0.028857607291960765,0.02733817036070547,0.02647111399201773,0.025817898115029474,0.025584010077233165,0.025701789410552022,0.026925525036879127,0.026887100573526876,0.028250333708111065,0.030700310904027382,0.033379164251215794,0.038475417531913185,0.04437273734206292,0.052520394201581416,0.06339368201584758,0.08264016158322153,0.0871851073462562,0.06140813963784108,0.051107877516175855,0.05222719883991533,0.04983652896786879,0.042325381696924534,0.03546912093180994,0.03312522866732266
9,2,LZ_WEST,0.025677435643711864,0.023957922501942588,0.022289375321967664,0.021924772672208107,0.022236057085013576,0.023648990364296858,0.02692727784525323,0.026877095975178796,0.0275271080109867,0.02950380323688744,0.032963999996863634,0.037445868267886505,0.04467362574204481,0.06268421254844707,0.07664888608009811,0.09820199927706745,0.0990786138199302,0.060506005750528676,0.048323572698239954,0.049066891648717505,0.044138875189064126,0.036675890198931915,0.030729338595111507,0.028292381529621814
9,3,LZ_WEST,0.02408100063578935,0.02266907279826305,0.02130469494766051,0.02085757168352263,0.02134764332294648,0.022744232455013502,0.025991436400742092,0.025824244511235994,0.02595232270182094,0.028069830990473905,0.030322319887168492,0.033880899553720374,0.03939669803687579,0.06063006800415067,0.08116092526139074,0.11223100703969889,0.11997935410245186,0.06621105598550801,0.04184628929872207,0.043910112118267564,0.040467339677933215,0.03473066383616423,0.029333740320318196,0.027057476430161733
9,4,LZ_WEST,0.022005679945845374,0.02023436031271869,0.019571008973113545,0.01887620563033746,0.019259348214419745,0.020433079787298684,0.02328949352982258,0.023398145904413074,0.0236897917519981,0.02527311418435306,0.027362527940458504,0.030871570748779272,0.03592104689422192,0.05047045763379433,0.074709229804776,0.12518898007587081,0.16548114059259866,0.06387830362191262,0.04127575043407339,0.043376601282240995,0.040278578969904014,0.03242701526923272,0.027674903517406188,0.02505366498041041
9,5,LZ_WEST,0.011470283632109586,0.010357843736248916,0.009789938495294836,0.009349903746572037,0.009810638157222615,0.010558163045227428,0.012083260717583831,0.012188762220312515,0.012258540112940029,0.013096208689985173,0.014278426478473355,0.016579761473121492,0.020080007532006023,0.04487820252148592,0.12478090075580475,0.20710846422530854,0.23678343279187025,0.1072416097926762,0.0332693647006662,0.022095219780329852,0.01997717695339705,0.016066276311106575,0.013489836132127947,0.012407777998129019
9,6,LZ_WEST,0.014221644851145196,0.012849903283286272,0.011825166673548536,0.011656031533777795,0.011823181519325876,0.013092489129295478,0.014926771631034473,0.014900964626139877,0.015219383363454743,0.016310424124229363,0.01783541959807774,0.01993372761143068,0.023453406048209075,0.043370458364169404,0.11070569850430542,0.19394678833809242,0.21296972719216611,0.10379775884028877,0.034291554042250434,0.026181404980990163,0.024405088982552874,0.01978047370544123,0.01678646410682353,0.015716068949964586
9,7,LZ_WEST,0.030773291936324124,0.028046998192377215,0.026528699945107002,0.02579533654300009,0.025943058134127703,0.025977147732080232,0.02854173440881644,0.028780361594484126,0.030520679274573352,0.03347598518938083,0.036748586592823346,0.041426728342616195,0.04566869805706773,0.05356349930597074,0.06409980735006694,0.07773040197754631,0.07847075811769477,0.057953190611549896,0.04879182968487226,0.05105572862582208,0.04949897031932338,0.04149228526175566,0.03559391072371342,0.033522312078906054
10,1,LZ_WEST,0.03369527228756247,0.031172272341134767,0.02995116417697225,0.02751830174126963,0.026980878092418163,0.027883953907418577,0.03079896699011294,0.03181939163983092,0.033137440145716644,0.03380921970678098,0.03498866053108001,0.037986157939626584,0.04062905778239615,0.04733324773104328,0.058098727785567975,0.07196714912911009,0.07220779927566857,0.05530956707633882,0.05530956707633882,0.058605538694927906,0.04953056214343599,0.04234507190167189,0.03567489610801536,0.03324713579556133
10,2,LZ_WEST,0.028173574879860226,0.026580706243721226,0.024381067221986207,0.026207546311537648,0.02773025471249337,0.032268311243139135,0.03661439086652515,0.03710705449599893,0.034312980954194605,0.03278256263728468,0.03438468317256872,0.03701839046252556,0.03970838013894809,0.046722861674084876,0.05485451003098614,0.06524747673725607,0.06518425542643158,0.051795215380357126,0.053692625696687264,0.06178957943179459,0.054998685459329795,0.04788937195795627,0.041598080539324025,0.03895743432500841
10,3,LZ_WEST,0.028187717252422907,0.025904300133350443,0.024789094277089946,0.025082716331802684,0.026308117638525447,0.031684679205700034,0.040726983099644586,0.04014810826493776,0.035736803048647806,0.033677961467859195,0.035664269334419484,0.037566884453793234,0.03966896728729488,0.04666986558944802,0.0540438940561411,0.0707224636912965,0.07637311900550699,0.051341315761576106,0.05513678184648518,0.06169620090722938,0.051751410222790103,0.04254241827403237,0.03390323444570294,0.030672694404302925
10,4,LZ_WEST,0.024787298008020084,0.02402269699342549,0.023300244527439038,0.023959474170513275,0.02504875072360497,0.0296277953872365,0.038393376355586234,0.0372316569845743,0.03238984246321387,0.029831952419557196,0.029438126918499858,0.03136115444874638,0.03463556981874149,0.04293949246561766,0.05417603209611978,0.08935492304926311,0.11110225698892089,0.06377404689948032,0.049521910330279986,0.05539768143468392,0.047186617308960066,0.03913822023802076,0.032913406465455645,0.030467473504039354
10,5,LZ_WEST,0.026643297103859306,0.026061940427569878,0.02601604384786282,0.025871702430523228,0.02758450957176496,0.034402479745639834,0.044929425694102625,0.042840133565698636,0.03483816466894598,0.03009418776357275,0.030279104418044676,0.031510330056273204,0.035400896646223846,0.04472189333368809,0.0546728039484362,0.0885484707791776,0.09753821389136481,0.057424603227394275,0.04920046827814658,0.05406018438452022,0.04469462145299259,0.03696005002062021,0.028616850031262887,0.02708962471231492
10,6,LZ_WEST,0.02758011536721255,0.025023323612527282,0.02396393939202364,0.023896203828052815,0.024610588242731747,0.030048399318309278,0.040841835651846424,0.038751064577280406,0.03265125125649471,0.029914734472073528,0.031641539782903,0.033131722190261066,0.03579689084729965,0.04182354975899686,0.049302459162228474,0.06812210825588147,0.0668152634416711,0.051423033884941655,0.05920178605135078,0.06628421662013986,0.057631224108080664,0.052029041397267266,0.04641060215110088,0.0431051066293248
10,7,LZ_WEST,0.032358507757805514,0.029442783942282443,0.029503049887288336,0.028471354304925593,0.028411088359919703,0.030379775896778788,0.03415931159071962,0.03455821475052051,0.031172560054296746,0.02940045429043307,0.031016873029698196,0.03382569653800844,0.03598953094441041,0.0402633908777448,0.04983706671296622,0.08011998662669982,0.08992539936950343,0.06516327048934513,0.052351735013509614,0.058822432132653965,0.04990737698213976,0.04071036330320514,0.0337718876585389,0.030437889486605897
11,1,LZ_WEST,0.03693192949460687,0.0354952524353542,0.03603633860052728,0.036495328933743076,0.03779860026606514,0.03877535408492068,0.0429016025479561,0.042510714438977616,0.03821281105457694,0.03719687513410541,0.0341341408577895,0.03380109299405366,0.03414906737269083,0.03425355297700011,0.03581617250573272,0.03889103457540596,0.04270289331833219,0.06833265231109097,0.06532029502256703,0.05608171520582732,0.04977806138156091,0.045510943934144225,0.040827749883853064,0.03804582066911836
11,2,LZ_WEST,0.030060228300903873,0.028809965544659418,0.029250482100587654,0.030189093102534332,0.03166509774532293,0.0374585302101136,0.05314622042278621,0.046469926976612404,0.039417092407943916,0.03663416105358399,0.03604650100075856,0.03548717292559656,0.035437820448376386,0.03887421515852198,0.04044801082098759,0.04282698300995274,0.045556906148039145,0.06934205836387397,0.06507032728003874,0.05508010638200644,0.050504948956743456,0.04549201677984224,0.040547629710191276,0.03618450515002238
11,3,LZ_WEST,0.02929893372578734,0.028669410466822202,0.028505120250458125,0.031098448992877937,0.03386374506457603,0.04129442265423895,0.06894891879380272,0.06140001366526097,0.0443668032425054,0.03845465858727303,0.03689159839794007,0.034836435270806314,0.03486023432084036,0.03604250970962855,0.03752112165690521,0.037756041312080005,0.04078696549060973,0.06657745861460355,0.06437028865176844,0.053160168374440424,0.045372505034266784,0.03923388554806525,0.03553351712341649,0.031156795051025924
11,4,LZ_WEST,0.03153233132991835,0.030003876622780933,0.030868718613411936,0.03219002553836229,0.03465434433288057,0.04049443216354022,0.06193052855236252,0.054518337017604605,0.04313260713239407,0.03716749081891437,0.03519810726112162,0.03336336976175046,0.03414535263950664,0.035196627634106,0.035135223112957685,0.03670584719004034,0.04099158684078917,0.06820636653912282,0.0640700692169518,0.05509169248615809,0.04796432915190739,0.0431141117946988,0.03849101718438816,0.035833607064331224
11,5,LZ_WEST,0.0386080036930637,0.03661561387034128,0.03608481114775938,0.036848685887339,0.037248667542315726,0.04234467441718839,0.05524107540932333,0.04748128093373161,0.03950495503589685,0.03787645829777732,0.03652088137310995,0.035196130102303574,0.03390295633057431,0.03401498126777644,0.0347111899379051,0.03539612092979194,0.03972449383900437,0.06363091617602501,0.061053590775159934,0.05346446516362783,0.04706024761270348,0.04237474822583325,0.03898392630112453,0.03611112573032364
11,6,LZ_WEST,0.03731210627101312,0.036316652039252134,0.03710367432752815,0.03895655762446141,0.041267433519620846,0.0463422982305592,0.0667637490144794,0.0617683533388497,0.04424752234369522,0.036430975914608435,0.034127070987458534,0.033138587723707084,0.03213197994313085,0.03254396415249411,0.03244706769716164,0.03359448903153039,0.037731758545186865,0.05639164571309866,0.05346383914909577,0.049177390920035334,0.044194542986822787,0.041121043191420695,0.037555393054545735,0.03587190428024407
11,7,LZ_WEST,0.03632301080558262,0.03498768542492763,0.03386425050604429,0.03623659273489928,0.03852500972203295,0.042869179659845186,0.04843899050398355,0.04860268627248948,0.04416628166308254,0.04173244965316441,0.03520289965864863,0.032855485719413824,0.03153013165460692,0.03159494520761942,0.031845059046808684,0.033969780265436435,0.03814277594785668,0.05925038971226108,0.06070370899711831,0.05622243346639502,0.051257549117039995,0.04650954088738064,0.043307086614173235,0.04186207675918941
12,1,LZ_WEST,0.0350040820677988,0.03299811747938626,0.03284170835238766,0.03380751717694852,0.038404402461023966,0.04207265239018396,0.04818874022618303,0.04638267071039202,0.039745452913137524,0.037658127523236926,0.034800680064078646,0.0330163535210991,0.0312846309445989,0.030318822120038044,0.029971635941274336,0.03065829305038478,0.0357889332476707,0.07021998277395444,0.06710793211703611,0.05920330942073915,0.0547824720778146,0.049964650134525876,0.04431498413464371,0.04146384915146295
12,2,LZ_WEST,0.0350905093655915,0.03426530803079933,0.03358412446411398,0.034994270003965613,0.03930046952522598,0.0476159598989009,0.07370570003214805,0.06619356943601687,0.04213168138355345,0.03789032398537435,0.03424960941152702,0.03184226027355186,0.030253286983728728,0.029433546038248663,0.028897062788334156,0.02983078936070445,0.03453696239907665,0.06907733754147337,0.06408585916154358,0.05356505405444146,0.04547616983721898,0.040111337338073864,0.0334366939526871,0.03043211473370023
