Month,DayOfWeek,SettlementPoint,X1,X2,X3,X4,X5,X6,X7,X8,X9,X10,X11,X12,X13,X14,X15,X16,X17,X18,X19,X20,X21,X22,X23,X24
1,1,HB_HOUSTON,0.035369728465743225,0.032333762276211014,0.030876663615565368,0.03130079077528588,0.03271661185347697,0.035339802218463674,0.044147406374703456,0.04808115998262215,0.051599041947311235,0.04948459778607687,0.045408436518689976,0.04266038146677825,0.04017443906345294,0.03876480962263003,0.03747591711048667,0.037402649401629844,0.038429429265186804,0.0531067056464637,0.06434865522796063,0.04977560474238145,0.045162834903085404,0.042219743274075926,0.038114687698970855,0.035706140762747814
1,2,HB_HOUSTON,0.031281612180252015,0.030070698988878132,0.029878861891326627,0.030707036678317264,0.0333674896946047,0.037777871356849756,0.06262030759440959,0.057802856969067444,0.048750017546076,0.04774029935945125,0.04418148725219092,0.04028017574149718,0.039042124619250156,0.038250445670330285,0.037766641868212596,0.03665960144673246,0.037962222128643155,0.05571510787327523,0.05849627789241215,0.04669127796259645,0.043612526494574755,0.040786438520889194,0.03702268824600066,0.03353593202416212
1,3,HB_HOUSTON,0.026095402340909922,0.025073223038728266,0.02493958403268428,0.026302224612168464,0.03004252584085185,0.03635935528725227,0.0643630908156593,0.062290095281429425,0.04937165803051106,0.0470313844841932,0.04260061505761591,0.03953089526997466,0.03796143241923192,0.03700925450116854,0.036753908543191646,0.036536745158370174,0.03873224311480704,0.06210713711839302,0.06851544564631164,0.051160670676897474,0.04524953107027343,0.04168184689106352,0.03685731967882092,0.033434411089491994
1,4,HB_HOUSTON,0.023678596393734184,0.022966429924509098,0.023214248836471434,0.02419864062565514,0.028784542107624746,0.04391276023332526,0.1417599273064525,0.14220612650905132,0.064921045270132,0.03745382338897368,0.035745374829233366,0.03282724456034359,0.03083655779531284,0.029595585819501467,0.02841281373968125,0.02808676916106414,0.028861516163613044,0.040040902636580444,0.04296403934813613,0.034676499320062504,0.032288426168425484,0.029900978822121713,0.027542944326480134,0.02512420671351445
1,5,HB_HOUSTON,0.029514739245063492,0.028261934359036026,0.028508605186983567,0.029532421741690556,0.03289386435049538,0.04276334984289103,0.07994875612477478,0.07070876751230261,0.0516311219013635,0.04557840330591957,0.04317623613913296,0.03943550397767762,0.03771411293103297,0.0367539533641834,0.03546666760973316,0.03540389474670708,0.03650197778724774,0.05194675446615659,0.053769819868406864,0.04341406571876697,0.041117109406911385,0.03799438050257192,0.0353809075010919,0.03258265240985906
1,6,HB_HOUSTON,0.032925403336929046,0.03091462406399849,0.030754194782800406,0.0315681519334189,0.03428659165531523,0.04094883585427116,0.06605355778997346,0.057739777800524396,0.047682928749714575,0.04579320960922183,0.043759793075754116,0.041086627874932086,0.03942918671212491,0.038225474988779796,0.037141839169153486,0.03640366762989851,0.03766938576254105,0.05522310496602443,0.05491700983441336,0.04490740376211586,0.04214172106170721,0.039803193625347434,0.03655327039518752,0.034071045565852776
1,7,HB_HOUSTON,0.03670107959443372,0.034027749271376376,0.03259821025409466,0.03225442305324083,0.03402159188867451,0.03646196789951151,0.043958581339025485,0.04867821518000082,0.05655042896432822,0.054748368293584,0.04804400476170929,0.04444090965067115,0.040199499199540245,0.037804277328516885,0.036820122326669674,0.036029924879931036,0.03701613234267887,0.04965518656869586,0.056336973030663755,0.04669656418045236,0.042913878740609986,0.04081421123927589,0.03788740199499199,0.03534029801732277
2,1,HB_HOUSTON,0.03114450734331393,0.028735003813111087,0.02656057379804998,0.027373764155662398,0.028569632328621836,0.03065659312874648,0.0375174596753252,0.04042307765899579,0.04761058705510287,0.049731715517312064,0.04745204910303053,0.045529093080911756,0.04517511610171576,0.044577865368477736,0.044583332194411254,0.044248489105982614,0.043811143031300306,0.050848314714235336,0.07338120450575793,0.051557635379110706,0.045710865043201585,0.04240070194044986,0.038322449794037323,0.034078826163135546
2,2,HB_HOUSTON,0.027559518236574945,0.025535766157007637,0.02496080930877944,0.026230755750168654,0.0293083953302461,0.03573854947629714,0.05841393532155574,0.053808278898483525,0.04719207399778661,0.04681036986890025,0.04430648680960166,0.04374353323586676,0.04356828542826484,0.04446613036036232,0.04435329958012547,0.04515511831627669,0.04431488910174697,0.050033249070346404,0.06893720606981586,0.047973487167299246,0.04301613480157388,0.03952438225147822,0.034924727465652644,0.03012461799578926
2,3,HB_HOUSTON,0.025943169728769717,0.02361837436439172,0.022633080191720785,0.024244472686772486,0.027784048461506804,0.03427451792299988,0.05149596341191158,0.04635996163588765,0.04433699056237848,0.044893245247202826,0.04424843880761944,0.044035166271509656,0.04411374036376063,0.04588602266675481,0.046381164168717286,0.04750115678524703,0.04760093341032763,0.05281925090204305,0.07659352624312321,0.04902275031772619,0.04458269050163945,0.04154449226793516,0.036760203095320354,0.033326639984734174
2,4,HB_HOUSTON,0.028371550719005052,0.026172929933132034,0.02531465813626715,0.026196597805614518,0.029449061755707693,0.035589006148664136,0.057177842885188394,0.04826128334678665,0.04392383429499636,0.04340936948787707,0.04341061516537614,0.04389269235751941,0.04370957776515491,0.044413385552134095,0.045152072309087465,0.04672910002292047,0.04492535900425523,0.0498694529980966,0.07067974129769698,0.05004509352546663,0.04548591387884042,0.04112355127706857,0.034854056424207996,0.03184325390893599
2,5,HB_HOUSTON,0.026764438775071307,0.025420010838989388,0.025073458116891493,0.0260885380759442,0.0282305288369961,0.0365342761533631,0.06777071973593174,0.05551479669521425,0.04644543822329055,0.04487611969095362,0.04444354324351227,0.04321463288146299,0.042381431655993576,0.04269357488795409,0.04234087761404595,0.042602635521162446,0.04287791144226149,0.04872875367597811,0.06705180717413291,0.04781198654588935,0.044201447902188565,0.04111565398308281,0.03611030207845609,0.031707116251233514
2,6,HB_HOUSTON,0.02950665679137236,0.027602651877811295,0.02665727309403809,0.028084373551071524,0.03073504705818595,0.035632952171059364,0.06419423017865851,0.05249321073516748,0.04824924279374484,0.047082272040271926,0.04493861059426389,0.04425697442660067,0.04276845445622655,0.04305026163508379,0.043883640129823986,0.04286720739924489,0.042791336235706405,0.049112728893063805,0.06305134550884861,0.04447615778793407,0.04140879503344955,0.039692661572459965,0.03533428473363802,0.03212963130227433
2,7,HB_HOUSTON,0.03361722143534735,0.030812063623869727,0.029996137159735016,0.030425779597371166,0.03209967704553159,0.03539360240074209,0.039751779665693515,0.04319023305802932,0.04941676367563704,0.054124436012182406,0.0511668668160999,0.04539362867856702,0.04357914486702107,0.044656535689227936,0.04410075969191879,0.04328351933653748,0.04255036802093817,0.04798068054311009,0.06315743833251435,0.04459872447437781,0.04265942099440546,0.0393562984004688,0.03619638995241086,0.03249253052826312
3,1,HB_HOUSTON,0.03284658112318711,0.0296265608179343,0.027118992417197497,0.026008354355631126,0.026452941609573538,0.027604336269662265,0.032683637736426664,0.03416631464641908,0.03908051453586992,0.0433051725435994,0.044949713745075705,0.04342818940512715,0.04330948892470564,0.04437455596266962,0.0467744638577374,0.051810601513439435,0.05753088557448003,0.05207390076091989,0.055115870345540434,0.06365043488784757,0.057485563572864544,0.0459878034011257,0.03944956512045319,0.035165556872512944
3,2,HB_HOUSTON,0.02384400947940672,0.021663484791819575,0.020454776496219518,0.020977990503805655,0.023461624910582627,0.029956566708853313,0.04859921340696256,0.046446668078069867,0.04015317766239919,0.04065867140947884,0.04149991746089184,0.042988419343436356,0.04265359968439283,0.04672179843856524,0.051606061821325676,0.05791167662576394,0.06455490902511518,0.05951209594308624,0.06534859016674764,0.05941510083294549,0.04941621068084038,0.03875234443709726,0.03370300283803961,0.029700089254154228
3,3,HB_HOUSTON,0.024385967185360822,0.022053786985570718,0.0209801203232229,0.02118224260720471,0.02382192508518936,0.02942865903957364,0.09293219833896943,0.08290295970942763,0.04906475255136195,0.03944494111244995,0.03646234176805172,0.03777527284348912,0.03872973918451433,0.04347961285808683,0.04821825751588258,0.05234708023995543,0.055187157461033164,0.04729315936996583,0.0509805953969673,0.0478338796681394,0.041010956928086796,0.03497061021063042,0.031661505638261575,0.027852277978604408
3,4,HB_HOUSTON,0.028772386193096546,0.02627113556778389,0.02502051025512756,0.02517858929464732,0.027347673836918458,0.03329564782391195,0.056158079039519755,0.0488304152076038,0.040942471235617804,0.042063031515757875,0.04217008504252125,0.042342171085542765,0.04355277638819409,0.048066033016508254,0.05144772386193096,0.055075537768884436,0.05620910455227613,0.0480680340170085,0.05540170085042521,0.050968484242121054,0.04726463231615808,0.039055527763881936,0.03531165582791395,0.031186593296648323
3,5,HB_HOUSTON,0.028979699022676185,0.025525652055476404,0.023316041867948598,0.02342578747371495,0.025907801932698506,0.03062294349473123,0.04676828587162507,0.04489085211583648,0.04104485655661403,0.04190322397314368,0.04187578757170209,0.04287721622432002,0.04334559479178711,0.04659680836261516,0.04984410244752298,0.05400267700888351,0.059271445957148255,0.0536117082883409,0.05934983567555279,0.05610352146212502,0.05106992166907388,0.04064702873571102,0.036742240887685164,0.0322769665530669
3,6,HB_HOUSTON,0.02919238720768343,0.02614055781743465,0.024776600820130366,0.024773673873784218,0.026898636921086596,0.0324237359738292,0.049054645112633764,0.04408176327053082,0.041826063286433894,0.0451500986868743,0.043791019933480266,0.043518813923288636,0.04431006508553025,0.04787118314000852,0.05117082732089771,0.05688422658857573,0.05757791287261246,0.050297621660964,0.052669423850124734,0.04921074891776159,0.04620184807392295,0.041477756671242455,0.03718782897657369,0.0335125600145957
3,7,HB_HOUSTON,0.030317371965261422,0.027374535034741545,0.02583564761760185,0.025496318477265443,0.027257456559420797,0.029042407212827828,0.032556745853387976,0.034772307170262855,0.040454581985194533,0.045981082896521475,0.04666271774860076,0.04858161411529848,0.048094448595107905,0.049161053349089316,0.05151849790300544,0.05811854890159553,0.06052957174082794,0.05382930950488703,0.05082793333670678,0.05178142837724272,0.04899833411220285,0.04081276274443852,0.03748594810248533,0.03450937669602558
4,1,HB_HOUSTON,0.03407818129132097,0.030420048213371912,0.027869630713520912,0.026515299422302692,0.026238884310513844,0.02824880237244316,0.03212066906842969,0.03379560078670413,0.03811240333177828,0.04094231863983214,0.041804446070281366,0.043269754432403655,0.04398082973856679,0.04662578326178052,0.050732962450702544,0.05535906220264824,0.059486792700996945,0.05445480458787432,0.04983384266328529,0.05411262528592009,0.06557922838053626,0.04488611491881205,0.038282979200019725,0.03324893595595443
4,2,HB_HOUSTON,0.024942921632592943,0.02258787035953956,0.021042097191354418,0.021264778639910234,0.023443937562547926,0.029049098226779826,0.04336742872244101,0.039432812154767946,0.038146111955914275,0.03916420807285236,0.038032605069685435,0.03938862245096893,0.04224362390229743,0.048068000155963665,0.0568686829302106,0.07215572105032861,0.08500279434891671,0.06724979746385759,0.04932437408750428,0.047085429095020864,0.049356433284378075,0.038036937393587295,0.034675920510521055,0.030069793738059035
4,3,HB_HOUSTON,0.0281358669487478,0.023710926935743424,0.021909878529930205,0.021477358385616162,0.024232636378108918,0.03016708128501639,0.03948688341903817,0.03754965350437219,0.03646116045826037,0.038110682959857145,0.0392595945627135,0.042181742854786396,0.043935799049798316,0.049773382460972494,0.058597368819805006,0.07544647395384789,0.07910611224808818,0.06299545614092293,0.0481392043547394,0.044310777711498515,0.048290730258955854,0.04014285632083596,0.0358464256190025,0.030731946839342265
4,4,HB_HOUSTON,0.026925962487660413,0.02442349457058243,0.022072063178677197,0.02221618953603159,0.023535044422507402,0.02893780848963475,0.03886574531095755,0.03587068114511353,0.03566535044422508,0.03788647581441264,0.039041461006910166,0.04216485686080948,0.044753208292201384,0.04992991115498519,0.05835735439289239,0.06940177690029614,0.0768015794669299,0.06480848963474826,0.047506416584402765,0.047874629812438306,0.057418558736426456,0.03959526159921027,0.03597926949654491,0.029968410661401775
4,5,HB_HOUSTON,0.02843851224669931,0.024539909005029323,0.021703809510028673,0.021055764909676845,0.02292754923381904,0.02867726552051314,0.03813850997285861,0.035723071007910896,0.03579231979295647,0.036751467144035405,0.03953485487728495,0.04069348007185337,0.04327118857787801,0.0488121249454795,0.05673956048726339,0.07038880608893197,0.08400704477192343,0.06518377800699929,0.04849688793892878,0.0472483426801967,0.05183219882463107,0.04039581365255301,0.03761035879139165,0.032037381941157135
4,6,HB_HOUSTON,0.028827947899871694,0.02640646051228714,0.023949835455313918,0.02358841942731622,0.025064201541640144,0.030539654365805222,0.03819966629253414,0.03534146787111904,0.03570087603229453,0.0386805503964533,0.040654283482685155,0.04246337148949584,0.045173991699478555,0.0497479123204716,0.05977118349694101,0.06971815573416645,0.0772998608548292,0.05973604582755234,0.046733100286924165,0.04495111848221331,0.047320401332420416,0.04001377396640035,0.03746177523537218,0.03265594599641394
4,7,HB_HOUSTON,0.03127979924717691,0.027458739503908886,0.024540102306727145,0.022928288775214745,0.023201428433548884,0.025929929543480352,0.03146317922980407,0.03183379982627159,0.03669433452369462,0.04128076440498021,0.04404208088022391,0.04778496284142457,0.04918637197181738,0.05314737959656403,0.05913811408165234,0.06593958112151335,0.06941994016021617,0.05581024997587104,0.047036000386063113,0.04651578033008396,0.052306727149889,0.04296496477174017,0.037293697519544436,0.03280378341858893
5,1,HB_HOUSTON,0.029108019953387094,0.025989689374988335,0.023151271935123004,0.021136879489045572,0.021269469923087723,0.02220546017228899,0.027199699854543378,0.028135690103744646,0.031473040436153774,0.03435369038463993,0.037864881508348776,0.04055204763826972,0.04668165429647024,0.056035663880303246,0.06722826081618742,0.08147534849185746,0.08617101415967619,0.0680090711499912,0.05183303819684866,0.04637325876840183,0.046295668810703086,0.040930175913130674,0.03524253736840399,0.031284467374404934
5,2,HB_HOUSTON,0.027320994839275855,0.023824517019741472,0.021134000745376743,0.020876974284502595,0.023121366058921487,0.026650890137711113,0.031012996359403782,0.031518787716338266,0.03293518710608401,0.034269888799337615,0.03792609020527236,0.04115544409582682,0.04656401519393566,0.056019835099166325,0.06593738468232449,0.08315632165760038,0.08650133745554821,0.06696549052582108,0.04851925219987113,0.04328968167272822,0.04551938622081145,0.0386971695878948,0.03611864341433952,0.030964344922166893
5,3,HB_HOUSTON,0.025061679351857043,0.02299094286343294,0.021133047865776636,0.020740672140429895,0.022172884156550606,0.025728636847736287,0.031727192450138636,0.03124626816565567,0.03232753543364017,0.03410094373267109,0.03773793363407349,0.04130668427889384,0.04683975066675441,0.0563778115182991,0.0713928850826548,0.08721545651656469,0.09307428411739428,0.06430656323545063,0.046397820243175465,0.04279007573745109,0.0438957141685006,0.037668069633287116,0.034268292385717526,0.029498855773894102
5,4,HB_HOUSTON,0.02415830643149906,0.02209730444680431,0.020697631861380832,0.020171959774780597,0.02141831133494567,0.02403395389488395,0.02887593078933479,0.028486622563909072,0.029524542315543145,0.031243574824546337,0.03379774766468055,0.03755234641225268,0.04259639617870306,0.053476536584021676,0.07236257808244148,0.09715748471558949,0.11636924507412046,0.08253899617827912,0.04431472213920276,0.038475098757817065,0.03972427651199613,0.03324805292896149,0.03081681952843539,0.026861561005870706
5,5,HB_HOUSTON,0.025925919798561674,0.02310932363641176,0.021420193133295722,0.02087259059016995,0.022385528734244015,0.026224536895341738,0.0315467042102529,0.03032493841539375,0.03106527720103961,0.03267086109259115,0.03576456730299957,0.03828750953341285,0.04463539762396745,0.05305209834346094,0.06984827604462215,0.09079365972209583,0.10204184609886954,0.065810741281787,0.046812572689688026,0.04247807521842062,0.043784214819018175,0.03711372100064025,0.03419786153762161,0.029833585076093586
5,6,HB_HOUSTON,0.02733818078129456,0.024739806102081558,0.023182207014542346,0.023110921015112636,0.02437268320501854,0.027833618477331058,0.031267821499857434,0.030488130881094956,0.03176504134587967,0.033344917308240664,0.03653942115768464,0.03996025805531794,0.04517215568862276,0.054004491017964076,0.06560628742514972,0.0872202024522384,0.094900377815797,0.06644746221842032,0.046457976903336196,0.042638829483889376,0.042498039635015694,0.03665169660678643,0.03433222840034218,0.03012724550898204
5,7,HB_HOUSTON,0.02753759214537836,0.024483244896760833,0.02272631948826402,0.02160692032879205,0.022223941347585093,0.023050674948294204,0.027655963247170987,0.028200283904233125,0.030547200709853797,0.033611800573587224,0.03823200176717803,0.040480120645318245,0.046174050258319305,0.05559061121431042,0.06732705935425304,0.08962742928724754,0.10156613356174919,0.06816218145823878,0.047443510420851216,0.04236753388256283,0.042349824820089914,0.03712285522282195,0.03284378649581461,0.029068960021325446
6,1,HB_HOUSTON,0.028831156085370083,0.026631709189306657,0.025181476275766827,0.024313965348634236,0.02377593331907928,0.02387758106407663,0.024084381648726422,0.025207764485679934,0.027928594211686687,0.031441575329741775,0.0362751008590987,0.04191041679080543,0.04969435574607692,0.06053473724057917,0.07296906052947959,0.08642511891033616,0.08774040567965537,0.06346850146688211,0.049341217459577494,0.04380404417821303,0.04299436731288928,0.03761842838565855,0.034551470562462536,0.031398637920217035
6,2,HB_HOUSTON,0.027007325131312054,0.02529074659651546,0.023928467036909085,0.023633513140063234,0.023995783842195226,0.02573716330525513,0.027498029211950496,0.028042763886305454,0.03016590049513281,0.0323855835746995,0.03706764453183818,0.04282588862611714,0.051142171321269435,0.061065199868909355,0.07260914622804451,0.08898041612414634,0.08934977280578213,0.05955145749740918,0.04805445575248672,0.042259896013250774,0.040257221055988085,0.03596311747668269,0.03326247353829528,0.02992586293944144
6,3,HB_HOUSTON,0.027630893112334697,0.025733344370529588,0.02458808364860599,0.024028643343615503,0.024456183088892785,0.026094479006434013,0.02802932376857182,0.028691555544235345,0.0306163940570156,0.033264411500637206,0.03815109982325324,0.043851023320928606,0.050462425169173826,0.06174310683126642,0.07261171295163432,0.08673871772643457,0.08383963438984163,0.05773878777018009,0.04776528613779696,0.041976216054936115,0.040140524127341336,0.036622872648645104,0.034107665423769196,0.03111761618392577
6,4,HB_HOUSTON,0.027057687076434096,0.024924435041928133,0.023802645973644697,0.023117950393678907,0.023516303418677456,0.025302575651281932,0.02781986358303808,0.028227480631873803,0.030615072229909494,0.03287802059813592,0.037482240445212145,0.0434061625970933,0.04901847667445126,0.06069283107726281,0.07151152655111341,0.08913927954528802,0.09194122566404103,0.06127225365907888,0.04828325005537361,0.04195002648668634,0.0390891274889695,0.035392781977936466,0.03344481042017401,0.03011397275871682
6,5,HB_HOUSTON,0.026999490178531066,0.02442933515850459,0.023080724850756396,0.02218347024716208,0.02272915071850528,0.024577448429297745,0.027212305562354915,0.027952871916320683,0.02935371164061173,0.032057168604352045,0.0365870960600311,0.04197686002984094,0.04907226524436352,0.06130953958600004,0.07634225702797472,0.09413221993729354,0.09401606795125048,0.05967249817197044,0.04662449855862402,0.04140701370905254,0.03931783704733857,0.03583015929192503,0.03354765583464948,0.029588354243289306
6,6,HB_HOUSTON,0.025694947975372726,0.023708683169681073,0.022374467386631187,0.021804489199402765,0.022052960535975264,0.023439882360116283,0.025880172062635858,0.02577174820667695,0.027592365454653604,0.030887245966293733,0.036209803173054264,0.04161518415867229,0.050440434267660844,0.06323520221425609,0.08143459820302516,0.10150807042430622,0.09622090155942116,0.06077608892563253,0.04686319996446107,0.04011230904413077,0.03718712376357274,0.03329365321382615,0.03258212165909582,0.029314347111445416
6,7,HB_HOUSTON,0.028765606451185408,0.02594269391756553,0.024517665955882416,0.023540503925013993,0.023214783248057855,0.02348861215049892,0.02422228200864278,0.025573064816019713,0.02844068410922181,0.03243475407689723,0.038452603250660425,0.04439461060013237,0.052931206675357875,0.06170251323839002,0.07360728464713993,0.08723326629980513,0.08865589925651063,0.06267807859927337,0.04767816242444758,0.041169337230272544,0.03990317793210481,0.03636815058513963,0.034240587830021714,0.030844470771758427
7,1,HB_HOUSTON,0.020053715495399388,0.01842589428590479,0.01756327927056941,0.016509492932390988,0.016091207994399254,0.01597504667288972,0.016350617582344316,0.017131450860114684,0.019111923256434193,0.021468487464995335,0.02485175106680891,0.029772719695959467,0.036380371549539936,0.045553990532070945,0.0698374366582211,0.1427138201760235,0.16859018702493667,0.11516587628350448,0.04973527720362715,0.03386857831044139,0.03078118749166556,0.028373053907187626,0.024099567442325647,0.021595066842245634
7,2,HB_HOUSTON,0.017824961610152304,0.016567513013916926,0.015767845243039123,0.015042059820557644,0.015180649585196488,0.016116975556049178,0.01715084554243165,0.017659812831384063,0.0192837758226051,0.02105984953111268,0.025103580155104645,0.03015317307785172,0.036902542904880105,0.04969384700076297,0.08988536163719422,0.16041596245038295,0.17228301285456288,0.10151434669654154,0.03790067894497938,0.030347295326579295,0.028031349294496008,0.02486165168094415,0.02160599943984625,0.019646909979428837
7,3,HB_HOUSTON,0.020223233748517477,0.01899678415893568,0.017991247849464886,0.017421092354642575,0.017480861995415316,0.018254937441109325,0.019602098265977246,0.02000232046840647,0.021808887159606036,0.023693388774558292,0.027358674098415987,0.032474252176318094,0.03991440049878352,0.05430130461890408,0.08091871797636403,0.1256445745573531,0.16739601254459283,0.09216068423347194,0.04279740670076271,0.03455505604282788,0.0315132501089917,0.028001490725158097,0.024879991936958265,0.02260933156446449
7,4,HB_HOUSTON,0.01650609830473278,0.015432506348305494,0.014475850229385778,0.013841271697394249,0.013979880987543313,0.014955690390192716,0.016118496326097766,0.01650055393312682,0.017770719064674593,0.019067597986687466,0.022607427240203353,0.0274214538955259,0.03307217662956643,0.046501652726772376,0.07986616895010773,0.16642187425970043,0.18264722574765854,0.13232902922085454,0.037118559834354345,0.02784232210379669,0.025200177016664372,0.022509140652643107,0.019744515356397253,0.01806961109761421
7,5,HB_HOUSTON,0.01795994964781236,0.016701723451716503,0.015881417821342288,0.015334740232693744,0.015341103675524574,0.016174714686363254,0.017302779551828504,0.01768285063726987,0.018779676783383773,0.02079978063477077,0.02471503346013939,0.028961185312711142,0.03554272068419736,0.04591281851923841,0.0743024509667805,0.14176651486963038,0.20619926600579416,0.10586744138690656,0.03789256657318189,0.030937323559085135,0.02833698942048704,0.025724506891030084,0.022042965965993755,0.019839479262118303
7,6,HB_HOUSTON,0.020658978834907693,0.019219579397425756,0.01845372467681949,0.017873126584389804,0.017780179959943822,0.018823601312457264,0.019789354937693925,0.020383322065146668,0.022114293790274214,0.024702156998307856,0.02941442353357601,0.03531717080661117,0.04250525530400548,0.057987871102130495,0.08032052579778123,0.13483372103534896,0.15908196746358844,0.07366529283916284,0.04078001316531638,0.03607602269934822,0.03214488978185554,0.028751701368861855,0.025927015254705577,0.023395811290341056
7,7,HB_HOUSTON,0.01972181712390477,0.017974132566607206,0.017117841593616005,0.016201982552938463,0.015820108690449218,0.016037638509053816,0.016681718240912413,0.01748003671945887,0.01933941140366833,0.021529601606635886,0.025978059804212528,0.03131950715933714,0.03881125538638934,0.049339379492203496,0.08382716325160808,0.1539845186846945,0.16493121483755468,0.10041261524027738,0.04169871109593544,0.03204762041525326,0.029210159333943907,0.0266508598544199,0.023012421005828097,0.020872225431097298
8,1,HB_HOUSTON,0.02352198983693708,0.02163939975611726,0.02046537749893253,0.019863748793088193,0.019633714287912416,0.019603709787237314,0.020423063459518925,0.020734648658837285,0.022861121475913692,0.024846034597497315,0.027741853585730163,0.03260950681063698,0.03946899727266782,0.056662345505672,0.07821403979827743,0.12131973642200174,0.1505456587718927,0.07833790453183362,0.044452821769419254,0.0380280118940918,0.03597616565561757,0.03120775808678994,0.027016360146329643,0.024826031597047247
8,2,HB_HOUSTON,0.011159008649382171,0.010375263180800842,0.009881542776378191,0.009679274373699259,0.009913648872041514,0.01035885339857292,0.011287076297639205,0.011542854859757009,0.01224348121400996,0.013589440091095696,0.015440178138888119,0.017897364660321078,0.02193060374442692,0.04496208983570955,0.12064792954923756,0.24512112202956188,0.21619424330570072,0.1038575117205086,0.025625658620879097,0.01870501133345177,0.018097492656622458,0.015449809967587115,0.013681477565330554,0.012359063158397922
8,3,HB_HOUSTON,0.011202122785505813,0.010493714911884151,0.009936334720688523,0.009665433048175461,0.009784629784081207,0.010494730793156075,0.011493003456366713,0.011731735555268852,0.012477731035951699,0.013485146630609655,0.015465437856680147,0.018425038628885365,0.025540948311622257,0.06818967586953512,0.13509256879463316,0.21547959246906898,0.20823839076279477,0.09540174887347232,0.027397979276699302,0.019311225725093722,0.018004802409399473,0.015939177156487367,0.014000875689656397,0.01274795545428348
8,4,HB_HOUSTON,0.011837738728226035,0.011086309130942136,0.010667528209135696,0.010433882115645577,0.010525294499680553,0.01105990844241218,0.01205554440859818,0.01227995026110281,0.013284826468274296,0.014381775076694001,0.016609003162802487,0.01972890452983014,0.027120107292398193,0.05770068483386048,0.14636343715844113,0.2255235916552704,0.1949954854822614,0.0839941205666644,0.02618288284958472,0.020739390883314238,0.019112118444049024,0.016784897750133327,0.014442826668919528,0.013089791381759237
8,5,HB_HOUSTON,0.016448088375225104,0.015557690808978454,0.015083558771606023,0.014767159636430324,0.014779759601990418,0.015450357769022096,0.01665062115496884,0.017031886779509467,0.018191083611038127,0.01978614591786782,0.023042537017065483,0.027442724989885026,0.03510397071581337,0.05884650581955075,0.10765503907622652,0.18313863275440379,0.1832772323755648,0.06961107639639118,0.03323590915518164,0.02791219037334631,0.02609126201721715,0.022908604049815595,0.01985614572653501,0.018131817106366573
8,6,HB_HOUSTON,0.011982321816715432,0.011211613785221645,0.010792444095638681,0.010579785098680284,0.010590273382543878,0.010983764859909078,0.012011616678541332,0.01242933970828104,0.013371115266239662,0.014561716317238035,0.01733243158203104,0.020657940896712104,0.026271704418460825,0.06556660241085863,0.14497159121732808,0.2015819225385987,0.19951319896274491,0.09466001685358719,0.027070260651937256,0.020361737293805766,0.018519415983421276,0.01642067421581995,0.014968227733192525,0.013590284232492703
8,7,HB_HOUSTON,0.022833965705769874,0.021080543173182326,0.020086106065443098,0.019446231491939588,0.01914014430418141,0.019491936818618404,0.020438591084829774,0.021045917925698366,0.02327647636861484,0.02564899832621553,0.028797125827456846,0.035468718512665566,0.04517002035272046,0.06203528589720594,0.08276472906090093,0.1277297679485164,0.14793636987520364,0.07031695259041862,0.040588407605643355,0.03488424433513638,0.03275894664457113,0.028861528787777004,0.026128904256343167,0.02407008704094712
9,1,HB_HOUSTON,0.028569870232306407,0.026977247649455208,0.026066817985391167,0.02540476360295197,0.025095972712283247,0.025188274337211394,0.02611212969217408,0.026329458063595816,0.028112557636071473,0.030853915896437573,0.033913295209965215,0.03914008449794209,0.04706124212813983,0.05781857696067531,0.07030111307368606,0.08842831310389386,0.09142559859701528,0.06277853064204171,0.0500190896542465,0.0457690193791457,0.04259719990434195,0.03770269646610642,0.03369512773286231,0.03063910484205933
9,2,HB_HOUSTON,0.02470788139271627,0.023375002855605606,0.022199674972999753,0.021822341155460744,0.022182344401004223,0.02361605535699796,0.026525228192429216,0.026570917882235607,0.027596572643061895,0.03017016258439791,0.033762317507107495,0.03870074277256066,0.04752909369773749,0.06710791353304978,0.08194445866776741,0.10248906401519417,0.10305467086486642,0.061384886008162685,0.045930742307786224,0.04218024897729931,0.03800751989273951,0.032622438521765225,0.029732959518147074,0.026786762278907195
9,3,HB_HOUSTON,0.02263899266513292,0.021409575374105472,0.02033762039621454,0.020007555162909144,0.020420136704540893,0.02183578346206634,0.025069060093826336,0.0250463491832778,0.025701180437427276,0.02810777992522054,0.03153637038769795,0.03584235902770049,0.042821421839265794,0.06662094203342893,0.08893819679912425,0.1194162387552604,0.124714694186234,0.06806535594431587,0.03968277400145803,0.03646539500708201,0.03354174378913373,0.029970831620552158,0.0272046427157404,0.02460500048828457
9,4,HB_HOUSTON,0.02155308022309888,0.02036929911169297,0.019611041277932662,0.019036186151573275,0.0194812820501668,0.02079337256556465,0.02337840835446451,0.023249374038585607,0.023975735749319667,0.02573654672274585,0.028282437269749855,0.03282038568212033,0.038297819899991155,0.054266178945949116,0.08095525988816057,0.13111698773014138,0.16919805897593146,0.06372555415889197,0.03807164739125958,0.03591140996811837,0.032583339495084365,0.028188923636332,0.025844558593902906,0.023553112119221908
9,5,HB_HOUSTON,0.01079344740149972,0.010090454466646439,0.009607908738242818,0.009225935698495948,0.009599104395128084,0.01032275367344285,0.011718242057127997,0.011776147544536432,0.012099199211130857,0.012899378548827532,0.014380539963590656,0.017046901413029347,0.020704767348619483,0.04637145929955355,0.12837037027003598,0.21218162140782804,0.24078388453036279,0.1078298377833644,0.031442002405617446,0.017776984634389495,0.016285664362186297,0.014269808417493824,0.012800160374496121,0.011623426054353951
9,6,HB_HOUSTON,0.01338757313299083,0.012407916269852106,0.011584843905329817,0.011404972481278116,0.011700877033791739,0.012921834624285533,0.014693648450937662,0.014565570361043705,0.015032513365892203,0.016068380049047083,0.01778237806082545,0.020311819961552485,0.024217599455246545,0.045818230290026615,0.115146619300525,0.19994595827304165,0.21725858283801774,0.10485540425299558,0.03263261101037954,0.02080365588669385,0.019282377257828023,0.017464391079019766,0.01590617456842903,0.014806068090969973
9,7,HB_HOUSTON,0.029680612574697937,0.027637378884464887,0.026230238139445326,0.025511625028366305,0.025400738555484494,0.025597583534476238,0.027539386187499567,0.027917603614383262,0.029962556474738514,0.0333218148935146,0.03738421389226992,0.04311850583486339,0.049132162922314135,0.059282143323774746,0.07026076372413508,0.08391613200475866,0.08293964337534984,0.059393889381717656,0.04721872657630708,0.044042559775545144,0.042123965919171495,0.0376463873359052,0.03355562203013361,0.031185746016682822
10,1,HB_HOUSTON,0.03072435311412574,0.027918480022371725,0.02589938024497726,0.024118878027046185,0.024169334141771418,0.025356335620392134,0.02821950633395277,0.029245732396160885,0.033052175898567814,0.035958961219772295,0.037694993641674356,0.04157412815682102,0.045597789509062,0.05615509012402796,0.07301256357256658,0.08568303468729607,0.08054420768078895,0.05673234228402002,0.048680743637612205,0.04555759565495885,0.041027662778695205,0.03789852847734563,0.03455132113777683,0.03062686163821597
10,2,HB_HOUSTON,0.02707936288653968,0.024719857833148614,0.022437276098198115,0.02358798614752323,0.025108399084455533,0.028175127708407254,0.0334537942034355,0.03315708997516477,0.03326384070279656,0.03443809870674634,0.03688551612406947,0.040432623022364285,0.04478193024153923,0.05849782887858362,0.07173256430946409,0.08532679851428107,0.0829068537106867,0.05793110810395011,0.0488612209143514,0.04521207287934971,0.040889453342082716,0.036708906464384516,0.03415316845578794,0.03025912169268978
10,3,HB_HOUSTON,0.026898244414336588,0.023701272537898613,0.02215814052969569,0.022263576586869144,0.023348814861061634,0.027786166638675905,0.03479013329376971,0.0333004724288476,0.03369284518447168,0.03557638503440604,0.039346477193051156,0.04211040812038388,0.04601003600641353,0.056191393555898805,0.06730058840851048,0.08522471812799787,0.08678366554477682,0.05416174945530979,0.04975828783892986,0.04766312275995448,0.040902412151053724,0.036842370835181604,0.03396848516251085,0.030220233329994524
10,4,HB_HOUSTON,0.024648392450282698,0.022526792495288463,0.021211780259345732,0.021203341678152517,0.021919214649376954,0.025173694129560352,0.031172822142837054,0.029437287277432424,0.029410565103653908,0.030672132992039608,0.03255745267362381,0.035017299091446095,0.040138111445528965,0.05397808781750162,0.06794745576777025,0.11013121993755451,0.12773972602739728,0.06826671542291357,0.043222412871649185,0.04017608506089843,0.03587733115805463,0.03234437849849512,0.02898863604399314,0.026239065005203795
10,5,HB_HOUSTON,0.02374761498944909,0.021619883722399515,0.020342262176365124,0.019656418082697216,0.02059006459710696,0.023762356776518716,0.03252459421476116,0.03069310266882505,0.028600470894798394,0.029701892985857712,0.031832432212349125,0.03554315061473252,0.042497764162294435,0.058486987213956676,0.0774301835984281,0.11423270402282308,0.12140704039670851,0.06340232021688678,0.04197267574667151,0.042187484643971804,0.03549752127380272,0.030775235482498692,0.028458668942985786,0.025037170363111275
10,6,HB_HOUSTON,0.029165946490688724,0.026247462855448173,0.02473060695959176,0.02431503000182288,0.025334138041442477,0.02879948317338344,0.03533348634121325,0.03409242242642164,0.03472334380776167,0.03581895578733417,0.03827747128977143,0.040323243313697334,0.04520249459513833,0.05406372872647387,0.06598889842826908,0.08517533097398962,0.07982099967037194,0.05224463504314918,0.04676846413145834,0.04674862977665573,0.041610587389695024,0.03695518096959772,0.035572443091930354,0.03268701671469415
10,7,HB_HOUSTON,0.028941704966065324,0.02513418294256062,0.023278633797247622,0.02205024405738103,0.022085896530042066,0.023020153370455113,0.026839019362533783,0.02810144100812228,0.03107680190837962,0.033961411060045243,0.036312043405264886,0.03976628183603751,0.04476978226062605,0.05184193638302422,0.0650997945121121,0.0989947623276527,0.10461893988993108,0.06908557889892199,0.047768641381500894,0.04402027005127473,0.038169213117517024,0.03490701186903225,0.031947046354696716,0.028209208709574954
11,1,HB_HOUSTON,0.03286932546300112,0.030621358061351106,0.02929244915540331,0.029343257057499867,0.03018441010332069,0.03183171519574027,0.036235066710775456,0.03746800513498531,0.04075696999736928,0.04366995638423871,0.042490083991107486,0.042649282084343376,0.044271747757960195,0.04531048708971208,0.04697472814949718,0.048172665574484956,0.047150862210098586,0.06942956274719456,0.05975235099453646,0.04913124132737338,0.04532855212156864,0.04245959924984956,0.0392982186749525,0.035308104763636
11,2,HB_HOUSTON,0.02495732574679943,0.023036984352773824,0.02300751879699248,0.024340581182686446,0.026596220280430807,0.03237756553546028,0.048324527535053854,0.04464234911603333,0.041999593578540946,0.04179841495630969,0.043075594391383865,0.043592765698028856,0.04607092054460476,0.05024182076813656,0.05513107092054461,0.05480593375330217,0.05414346677504572,0.06837024994919731,0.05644076407234302,0.046056695793537904,0.042135744767323714,0.03933753302174355,0.03726275147327779,0.032253606990449095
11,3,HB_HOUSTON,0.022731159144154977,0.021427374784185497,0.020447366433715763,0.021661743477389066,0.02429708922763363,0.03146009091769232,0.06023883037869641,0.05427371312056707,0.044748795822334646,0.04257697926531492,0.04291464378996746,0.0426941636119167,0.04404308564613279,0.047605489782827026,0.05172169846123932,0.051886624578678875,0.050268612563377196,0.07023422112773008,0.05992981091654651,0.04948391145724377,0.043477996685853074,0.03760402280841401,0.034190052177415366,0.03008252382097357
11,4,HB_HOUSTON,0.02960856356163757,0.02727157714954428,0.025922099281508456,0.026288461437088496,0.028549891145632906,0.0341806226926652,0.05793178459662383,0.05082242593246635,0.04599558256854134,0.043908108991423424,0.04191727770954245,0.040603821060640394,0.04108000400626241,0.043625210636275294,0.043644539095322676,0.04592441869659414,0.046696678492169325,0.06771725627252423,0.05804424108562682,0.04660970042645608,0.04313145636424656,0.04047730751051204,0.03634453153965233,0.03370443974704318
11,5,HB_HOUSTON,0.03117216223153313,0.0289425451074952,0.027745040977235673,0.02832526561997274,0.028792518174949478,0.034075092998622644,0.05014695409175864,0.043878358886113286,0.042191911560027044,0.04475773361723972,0.04475954117064389,0.04442785512097955,0.044344707664387945,0.046696334643207035,0.048653011203215996,0.049998734712617086,0.047878474569531156,0.06332492218482595,0.05392925958997458,0.045610898824005756,0.04148877328580673,0.0398167863869538,0.035959467422464995,0.03308364995643796
11,6,HB_HOUSTON,0.03073769751693002,0.02814808126410835,0.027048306997742664,0.027967494356659142,0.0294392776523702,0.03452641083521444,0.05564604966139955,0.05015440180586907,0.04364334085778781,0.04386726862302483,0.04317832957110609,0.04415711060948081,0.044205869074492095,0.047246049661399545,0.04881896162528216,0.05077742663656885,0.047278555304740406,0.06194492099322799,0.05114943566591421,0.044153498871331825,0.039983747178329566,0.03783205417607223,0.03529300225733634,0.03280270880361173
11,7,HB_HOUSTON,0.03386683135670396,0.030168632828446704,0.028133733893000317,0.02848439806140286,0.029798080244522827,0.03223598128395423,0.03944814880721844,0.043106570504433006,0.0490165701904054,0.05298901950111478,0.04740665529188865,0.04543037484429463,0.044405598065589885,0.04505563522552415,0.0469942323594988,0.047321867836245056,0.04735117708017124,0.06023677682057507,0.051865847403515,0.04632744706017815,0.04155736761119193,0.039171804507343,0.03653083227785162,0.03309641694493001
12,1,HB_HOUSTON,0.03261455500424615,0.03018738187617306,0.029525000910890605,0.029992124299665256,0.03140844241443,0.03329842364541223,0.03858158917245354,0.03941306880447242,0.045180174162284266,0.047441051363953574,0.04471305077350961,0.0425185050930463,0.04034824982879927,0.03922435095540746,0.038691830292204354,0.03848629600114351,0.04131239250323015,0.07024227821682184,0.06164066813592542,0.05232622776375887,0.04952255318433342,0.045079275510308936,0.04045568820821744,0.03779682187931213
12,2,HB_HOUSTON,0.03145424356611582,0.02938712129497482,0.028755324850931286,0.0296139895459833,0.03224963823100611,0.037988229966674766,0.06681586342350518,0.06098778978803635,0.0503240781330641,0.04841874636762237,0.04388951606561644,0.04094294037522743,0.03918041810643645,0.03812471246030935,0.03720187387752187,0.03652940384266009,0.03811025073912953,0.06286600582626592,0.053601465695441566,0.04519830183239046,0.041452716046816204,0.03888395282225007,0.035563180096333136,0.03246023704568729
