Month,DayOfWeek,SettlementPoint,X1,X2,X3,X4,X5,X6,X7,X8,X9,X10,X11,X12,X13,X14,X15,X16,X17,X18,X19,X20,X21,X22,X23,X24
1,1,HB_HUBAVG,0.03524986996358981,0.03212267856052326,0.030889701748068404,0.03134877765774417,0.032899738242497374,0.035625764687796796,0.044014429303362836,0.04839565604685101,0.05211880379137738,0.04997083393876601,0.04580440418053897,0.04282778125243489,0.0401565069798491,0.03860765224789257,0.03723779500365365,0.03709670286627624,0.03825071019885568,0.05305380243310232,0.06357780178449966,0.0493127549398042,0.04503682083614991,0.04229921220046877,0.038271768726822454,0.03583003240907454
1,2,HB_HUBAVG,0.031513142215356525,0.030283878798872624,0.030128532323163117,0.03113297754809227,0.03384912866065285,0.03830593220911372,0.06387152364016352,0.058185456675218745,0.04876046055888064,0.04801170984365968,0.04411743421655684,0.04022798301416547,0.03851531224159174,0.03753209448539308,0.03679781704430654,0.03596512133910591,0.03742788691162521,0.0550524752675867,0.05817677271073809,0.046743851029483974,0.04361858870139029,0.04079244070540807,0.03724552365753145,0.03374395620194269
1,3,HB_HUBAVG,0.026066562815382575,0.024795383681771633,0.024874216496259136,0.02626200250129951,0.03004679877185044,0.03617933479885725,0.06546983125671824,0.06275913208355949,0.04972297656284001,0.047143665413827106,0.0425730045238539,0.03966850801508006,0.037896412039413116,0.03641911794292339,0.03536308669885125,0.03555113580840998,0.037860280332773014,0.06198394274109907,0.0691281665540288,0.05192290479213182,0.045825679296614207,0.041794530480789835,0.03687322780137744,0.033820098590288616
1,4,HB_HUBAVG,0.02364789418655406,0.0228389907930933,0.022974759676387888,0.024006983849847226,0.028585059839818093,0.04401132337864038,0.14411486301300336,0.14501956594561125,0.06577685178605869,0.037347862718625974,0.03524217615949164,0.03203955315542111,0.030207307664978228,0.028814724960157544,0.027380904043121213,0.026982479469714653,0.027935399388913137,0.03947385116685108,0.04298417467745374,0.03501568320932263,0.03288208155268848,0.030280902012932303,0.027485585658745548,0.024951021692568492
1,5,HB_HUBAVG,0.030074256194272807,0.02867217188287259,0.028844040282334553,0.029993749417682725,0.03368801543559141,0.04366452373909654,0.08259542992880126,0.07257007481702801,0.052179246076651496,0.04615390181972452,0.042467776936527195,0.038897437080335814,0.03696527444217398,0.03579656932583263,0.03417105609513188,0.034152964684662196,0.03558309068229041,0.050916465625867824,0.05345469051476396,0.043244803016199956,0.040748188371384095,0.037441983108050046,0.035147087689971115,0.032577202832753054
1,6,HB_HUBAVG,0.033102706826891405,0.030971885190636633,0.031097347642172937,0.03200312534106917,0.03481838035115207,0.04102316159257753,0.06691432750595948,0.058986732600755036,0.048550908684755714,0.04550920924994876,0.043486509726400065,0.04051927174656994,0.038391510170108736,0.03711342519632835,0.03588226113938267,0.03526922916073781,0.036990002784654426,0.0545210853420076,0.05523305925397784,0.04548472877160021,0.042367547861885235,0.04056313260361109,0.036722757562682784,0.034477693694134795
1,7,HB_HUBAVG,0.03668069816817781,0.033963258188408466,0.03262719231235281,0.032381684939229015,0.03418874564698568,0.037007338879200886,0.044672858791113254,0.04942600797635542,0.057471906264652727,0.05535084900242872,0.04819004167303264,0.04437045271348867,0.03995342735668638,0.037430918123817894,0.036375131051414294,0.03563650157261696,0.03659113539257471,0.049348035677595076,0.056103176317494764,0.04663270305725168,0.04253705001290757,0.040250565035746075,0.03776493459283181,0.03504538725363651
2,1,HB_HUBAVG,0.03138048860189387,0.028661139881650075,0.026684852488829208,0.027476219906371422,0.028945293352939914,0.031087810526465337,0.0382285872599791,0.041581598221199265,0.04871100881586144,0.050903252846862576,0.04788128067969509,0.045671987440416555,0.04454816046146523,0.04376531764806171,0.043083349316966085,0.042635807599684585,0.042648594505892624,0.05008347008219138,0.07368525740752578,0.05127975619632162,0.04566488360363431,0.042186845115046626,0.03843317775930779,0.03477186028173816
2,2,HB_HUBAVG,0.028587716016300446,0.02650086457079874,0.025991475635282577,0.02734521149120767,0.030663191530239754,0.03740406297715713,0.06090800157746251,0.05540963465563791,0.04844503655466009,0.04774604875977066,0.0448249623330266,0.0435634979219965,0.04234500925242434,0.04237534506992406,0.04135403921410009,0.041897555944303444,0.041434934727432676,0.048654859292366494,0.06888632157988937,0.047785232524041134,0.04286198214231543,0.039380947084222344,0.03505682909811615,0.030577240047323876
2,3,HB_HUBAVG,0.026084788095731302,0.023909076635444965,0.0231622890753952,0.024899955535793685,0.028644448637244642,0.03587614937334496,0.05353648769713674,0.048315571840039685,0.04551973643412898,0.045238701539622624,0.04408421547064109,0.04328465140458074,0.0424771708626188,0.04336513557624688,0.04302472711247861,0.04384804060624372,0.044354695063945335,0.05162861700485412,0.07850901092869497,0.05043454855636465,0.04568730184071258,0.04212356827234788,0.037774784177075735,0.03421632825931208
2,4,HB_HUBAVG,0.02914479689268001,0.02679842133977784,0.02603278936136137,0.02699503771518751,0.030469027712492172,0.036996430957052996,0.05914507033267231,0.0502153014415496,0.044914471876696796,0.044422279890571924,0.04381680562192625,0.043641022769738795,0.04291445364736397,0.0428089839360515,0.04270481631994042,0.04403555761575952,0.04243658470845438,0.04816580359456401,0.070589185057676307,0.04997311173409133,0.04581031337525212,0.040825892944336736,0.03498990225171324,0.032153938903088965
2,5,HB_HUBAVG,0.026895284973157598,0.025623463430616073,0.025273905988396243,0.026458015700417663,0.028803017286969892,0.03733557256477132,0.07042228086875989,0.05777371895581646,0.047866151746626326,0.046274439998658524,0.0447123954874843,0.0431593801353342,0.041817905080320815,0.041240038902776596,0.04031132540315195,0.04052415558014927,0.0412271401041707,0.04796805225561291,0.06724272701240606,0.047710076283494954,0.04360954820668003,0.04028294804621898,0.035872848802862504,0.03159560718514678
2,6,HB_HUBAVG,0.02924573396966547,0.027417164275362865,0.02680005361781123,0.0283580051139252,0.031088213945183372,0.0361604083046908,0.06611556661633675,0.05441954925630577,0.04961038566886954,0.04837363521172712,0.04553087955972695,0.04416514285858808,0.04201031384123563,0.041930645867002535,0.041686583660224936,0.041023948445968676,0.041299624928235586,0.04886175962528231,0.06297437220371734,0.044251133687919046,0.04134641405595979,0.039000634814651824,0.0356722838911356,0.032657546580473505
2,7,HB_HUBAVG,0.03375162326011567,0.030913372413447566,0.030198393192531175,0.03058567360386089,0.032306769417847124,0.0357909389925022,0.04069829637242835,0.04455755921260205,0.05078925310399833,0.05555307298881626,0.05178995318781881,0.045410659419377296,0.04301520820384491,0.04366383518645656,0.04233679042036174,0.04168951756506243,0.04138213066516088,0.0479469398753932,0.06381731197603736,0.045183166030903894,0.0423354362930494,0.03863325222110733,0.03548896860185001,0.03216187779542657
3,1,HB_HUBAVG,0.03363655264793732,0.03031939952966148,0.027725083196005532,0.02671978892883255,0.02725944346866974,0.0286223582320458,0.03354699295834733,0.035989216801397765,0.040786401200205824,0.04499455840978733,0.046109461725068,0.04470865632378848,0.043706276721069616,0.04369479470958372,0.0444927945078536,0.04849542371183754,0.05370481232298934,0.050180982997967326,0.05466241208091321,0.06416377658549356,0.05646049507960479,0.04555717697259633,0.03943382024716708,0.03502932064117672
3,2,HB_HUBAVG,0.023946638152702458,0.02173884263856004,0.020708266503729724,0.021383436441864606,0.02399450087833193,0.03080017312049695,0.05110517070190177,0.04911835841034649,0.0420876295221365,0.042212887293464695,0.04265078031518113,0.043134499350798126,0.04151124010285393,0.043625346877466324,0.04681891086840295,0.051675449985997594,0.05798925634562997,0.05683749586292929,0.06821354922477658,0.06214211156088494,0.05209806766974718,0.040651747753252365,0.03465057664400824,0.030905063774536008
3,3,HB_HUBAVG,0.02479282354810226,0.02235251955383633,0.021226580655649283,0.021693027861214874,0.024525886434422148,0.03170086047963705,0.10001459379375832,0.08988022005224211,0.05227903333665852,0.04107136919342505,0.037220639688468705,0.03758917916375716,0.03727421184277128,0.040420190421298824,0.04257785511872699,0.04610068609303822,0.04891876614092064,0.04446765904464225,0.05157520606806251,0.04835164023157951,0.040877401048536384,0.03513409664416637,0.03182093599790146,0.028134617587184073
3,4,HB_HUBAVG,0.029526191695228653,0.026892292774768487,0.025885693352421763,0.02614767009193101,0.028872880407074895,0.03504183475029051,0.05952524597006943,0.051461580187166615,0.042890266531438834,0.04352292405174747,0.04310115237154172,0.04258806929665224,0.04275438647982616,0.045482857916208756,0.047137333424644726,0.049846238133595094,0.05159202503671479,0.047522145730811836,0.056439138237842273,0.051686597552637215,0.04725255970841228,0.03852362519281379,0.03542882113728342,0.030878469968878032
3,5,HB_HUBAVG,0.028815889596015505,0.02552249066131711,0.023476411178749313,0.023803913599889325,0.026606599335915894,0.031738551466519105,0.04908429026009963,0.04681987583010516,0.04245209601549531,0.043155739831211966,0.04292443449086886,0.043395692100166035,0.0434183902877698,0.04545149937742115,0.04749433626175984,0.05066883992805757,0.05606560424737135,0.05275058799114556,0.06045824398173771,0.05703189851964584,0.05110550982291092,0.03998988309352519,0.03629115938018817,0.03147806274211402
3,6,HB_HUBAVG,0.02883201069105709,0.025329431213200682,0.02439114343111775,0.02480659339705736,0.027265666694146394,0.03340738394519098,0.05133898547769154,0.04654449762011169,0.044212337236899775,0.04747519232187719,0.04579712157172424,0.044863172692679844,0.04456161893150175,0.0468948640404733,0.048718288042417124,0.05212541165342579,0.053591960880450214,0.04872588112273456,0.05316566365691427,0.04996463794023596,0.04619304647399045,0.04114147861137748,0.037354700984497106,0.03329891136922764
3,7,HB_HUBAVG,0.02968294956641643,0.027114343938815903,0.025819531282022183,0.025780644862946397,0.027856338854153864,0.029878432646094705,0.033368751504221285,0.03580388212580493,0.04191115188930193,0.04727957969035902,0.04748557261303074,0.048541811833873016,0.04793118995595325,0.048693153572978785,0.0501540217490691,0.056267597418362174,0.0584252681849186,0.05356551678474476,0.05114720191195065,0.05223391967747395,0.04820024193658572,0.040698316007857165,0.037589504450393024,0.0345710775426726
4,1,HB_HUBAVG,0.03315546630867637,0.030065543810565976,0.027856683550872598,0.026738715973060476,0.026973365071128005,0.02881107363243572,0.032413162911905054,0.03476078201324413,0.039847478086256105,0.04252563654208454,0.04319461209570975,0.04429114538090994,0.0435014609162596,0.045810723915029945,0.048457294992272366,0.051549473731710344,0.05527001568087722,0.05177396974380379,0.04953690646751576,0.05623230260708685,0.06818925352255677,0.04603634804778719,0.039173990049975745,0.03383459494827566
4,2,HB_HUBAVG,0.025602395131133042,0.02296297295266572,0.021281063783467197,0.021274320734106147,0.023876174494704777,0.030456427378321674,0.046539563397186796,0.04259006305714445,0.04062494581478191,0.04115668342153884,0.039706927808913536,0.04085324620029168,0.04270758477457986,0.04746336115965036,0.05399833928327165,0.06678894062841366,0.08020086580753795,0.06485850192562223,0.048168491464262796,0.047206161991164675,0.05005269211429276,0.038592398078808904,0.03384336474309945,0.02919451385503985
4,3,HB_HUBAVG,0.02810407497390551,0.023854320880384184,0.02204747916617931,0.021774559178521977,0.024847972427283534,0.03122761638366535,0.04256549244234426,0.04094579586253299,0.039758315426440274,0.04109283846812796,0.04167989493137455,0.04316034661952392,0.0440069555608283,0.04866776057453557,0.05450267851473602,0.06938405857642707,0.07438684904405597,0.061542900237161906,0.047977105911892526,0.04508304008359149,0.0494776088644412,0.03952549796758156,0.03471876430741262,0.029668073597052022
4,4,HB_HUBAVG,0.02579659507099949,0.02347494767062147,0.021588320682739734,0.02193218297166252,0.0236191852079213,0.02869403872027842,0.039438004398667945,0.037045969080087615,0.036643257875946494,0.03813063536058231,0.03862912028949051,0.04135347889400965,0.043220489576818615,0.04733299024031128,0.05217244809179508,0.06254024227290667,0.07313304701220597,0.06487112087567187,0.05117201653308349,0.05252207988220986,0.06327989236418018,0.042985093915945294,0.038344106915786054,0.03208073609607836
4,5,HB_HUBAVG,0.02800934916495589,0.024669866281973034,0.021598559248367823,0.020844892637185815,0.022972960476428265,0.029067025467458246,0.03854449869611052,0.037357358190460335,0.0377214762618136,0.03807519095969964,0.04017782833046662,0.04085751539699273,0.04274630564648874,0.047687908043425986,0.053764634078677244,0.0659481403391962,0.08065619856109785,0.06491127078362831,0.049933880781963785,0.04923107510773271,0.05420619948584216,0.04115805729715733,0.03767755090717416,0.032182257855702896
4,6,HB_HUBAVG,0.029175504618542604,0.026560611244155558,0.024570646595963058,0.024233093853347026,0.026213935454441794,0.03223514653894402,0.0410742387957578,0.03832364009579201,0.03861443722203217,0.04135591287490023,0.04181776713422285,0.043106397536777294,0.04490591857680467,0.04830539400159655,0.05553540882654809,0.06423309385334704,0.07250655719010152,0.05736343938875586,0.046717983806591416,0.04549891663815716,0.04871479074010721,0.04038658912076635,0.03650587296156918,0.032044702930778886
4,7,HB_HUBAVG,0.030842288009622257,0.027119336427282734,0.02434159016895687,0.023267029014285876,0.02378672173745305,0.02686062476596807,0.03307537813886462,0.03423844591451168,0.03913127347411181,0.04363489884147102,0.04582713976103212,0.048702470242485446,0.04873764595082209,0.05117044332739507,0.05459610343927651,0.05943786948677507,0.06389951094418408,0.05414108863143801,0.0469958810380238,0.04779357532707735,0.054306754870700906,0.04448025054181938,0.03869327917030716,0.03492040077613498
5,1,HB_HUBAVG,0.029858143907024442,0.026834088190052986,0.024163604512049224,0.0222974705178602,0.02256238249871817,0.02380575969919672,0.028175739189882074,0.02938493419928218,0.032730516151085284,0.03575136728764314,0.038423987352589305,0.04092142368825842,0.046042343189198434,0.054286660399931644,0.06305118783113998,0.07785314476157923,0.08223060160656298,0.0663305417877286,0.05217056913348146,0.046881943257562814,0.047151128012305595,0.04114681251068194,0.035812254315501627,0.03213339600068365
5,2,HB_HUBAVG,0.02765485622665516,0.02446310591904661,0.02182774320020581,0.021802815440852413,0.024614666695915242,0.02826309355487797,0.033151925719265576,0.03318582747198619,0.0347532849801276,0.03600764983079038,0.03875070047003784,0.041856699285470714,0.045900978962965334,0.05464563694413591,0.06226655153365548,0.07807374229482959,0.08202628781790372,0.0649248477911014,0.04873476664625915,0.043928694642924815,0.04647830586958994,0.0394357152970691,0.03576435489950125,0.031487748504833
5,3,HB_HUBAVG,0.025873249986211606,0.023977568510515652,0.022104126376392853,0.021813235788615947,0.02350876319015349,0.02728856168392736,0.033055667740678606,0.032534377574203785,0.033600086822389505,0.03519331325269051,0.03733985450133169,0.04074247376202481,0.04552482177391663,0.054100311884526214,0.06745726043336471,0.08234872355075107,0.09106209757911424,0.06354402589015189,0.04661988695297891,0.04389245410244686,0.045313992815803096,0.03845537987464128,0.03436067230419149,0.03028909364897779
5,4,HB_HUBAVG,0.023757476521383176,0.022053883454147175,0.020735291767894386,0.02046137774189842,0.02216801429831216,0.02484704564701156,0.029548475554314488,0.029358257480706182,0.03025684766043183,0.03186609256315811,0.03347229397670665,0.037346655699960665,0.04204732473496916,0.051821490229258436,0.06982981569390412,0.0948328401612745,0.11574389342918297,0.08344638627508122,0.044380159189701444,0.03923742335162724,0.04033231858331666,0.034020122028698585,0.03091728481199987,0.027519229145061067
5,5,HB_HUBAVG,0.026386878615680644,0.023684591656913907,0.02225968401953491,0.021678566384593728,0.02358923798926102,0.027366502616378702,0.03277377522261933,0.031662815038172955,0.032508404166415546,0.03368323331693131,0.035988813035745935,0.038681204802586425,0.044356547153738,0.05159802851794313,0.06652537532013196,0.08727379366365882,0.09988746468091156,0.06430255538833682,0.04648221429207548,0.04240089740395142,0.04441771743110023,0.03751896953270407,0.03443796659203294,0.030534763158581245
5,6,HB_HUBAVG,0.02768791974705552,0.02521751840540353,0.023659694281823844,0.023605843571379116,0.025007885282600832,0.02857741808922293,0.03225176745724638,0.03177576564170814,0.03281046857811045,0.034140388802129405,0.03686465777873512,0.0398706813653463,0.04432778927447707,0.05233519759364254,0.06180234481379193,0.08320896383540145,0.09213952719076228,0.06634119040841917,0.04694724168968143,0.04347483248582572,0.043678695889652196,0.038012831855003114,0.03525009808522259,0.03101127787735885
5,7,HB_HUBAVG,0.028484022383011863,0.02554676450693832,0.023839342447783216,0.022849324615163872,0.0236948367392953,0.02469920265644536,0.02877918297907229,0.02974152950581097,0.032203250866009385,0.035175354090228955,0.038097239018591016,0.040885891733453576,0.045844179801996426,0.05342099329739479,0.06225941336831532,0.08377949043802652,0.09631356713878696,0.06676676163732141,0.04749420952302867,0.043390657347244135,0.04384262200996167,0.038504109701354865,0.03408284993953307,0.03030520425523192
6,1,HB_HUBAVG,0.030571171823297806,0.028626870888295325,0.02718965433270656,0.026233738205035894,0.025663626388632906,0.025843159087935687,0.025711374446958115,0.027051184963563457,0.029764229637601787,0.032873583195739346,0.0366475897257638,0.041302070451305094,0.04780153615053244,0.056901361106150614,0.06681958778146287,0.07958932849995655,0.08356005703028085,0.061627463919179726,0.049456483852084156,0.04438754998028005,0.043597797095581106,0.039016848379860636,0.03652630965761777,0.03323742340017743
6,2,HB_HUBAVG,0.028320672756580442,0.026697310060368507,0.025365637901467706,0.025150206328159484,0.025495278140272647,0.027335025646842835,0.029027021410657387,0.02987349591108968,0.031901031116517035,0.033948584299995144,0.037816820249042725,0.043174012470247096,0.04978375817519926,0.05808931259216612,0.06572855431115755,0.08154942963061113,0.084430111995821025,0.057603161696647566,0.04887532326651461,0.04383174603477219,0.04199485823935211,0.037601388675734496,0.034854159497529694,0.03155309959325375
6,3,HB_HUBAVG,0.02900352645225014,0.02708693437866535,0.025902447681955678,0.025417271127847394,0.025912093339095003,0.027604906167047347,0.0291048058522131,0.0300500802518674,0.03181812920550651,0.034323106364590406,0.038523790048768436,0.04323858725847274,0.049212142724859555,0.059521421075375024,0.06759869436384962,0.08168810574726834,0.08041777270201864,0.056796522933514414,0.04808745910241373,0.043042780418544355,0.0407934131736527,0.037667255694795974,0.035141058090005554,0.03204769584542255
6,4,HB_HUBAVG,0.028076304512860736,0.02603269062636046,0.02499379360219329,0.024374053299464994,0.024875961991660044,0.02677026253962201,0.028757209315713163,0.029582030589445894,0.03189278942501772,0.033843757083388805,0.03806320811401063,0.042868219285526685,0.0478936025530782,0.058624374413090645,0.06601988206045212,0.08321250346299008,0.08816233058332945,0.059752319753615016,0.04905213014366462,0.0433530378968047,0.04066809623694408,0.036959548677947325,0.0346532872320905,0.03151860660072894
6,5,HB_HUBAVG,0.028501826419657064,0.025951122258884584,0.02468001569141574,0.023820723876934468,0.024539064662558143,0.026534455733735016,0.028890715402890687,0.029940206196071375,0.03141255007582486,0.03342916871158872,0.03726371597858223,0.04212652647416945,0.047928444427085014,0.05797757350256513,0.06964339389699027,0.08724868686285465,0.08800353905956795,0.05826541927836469,0.047417284671830345,0.04291109726130453,0.040750131186349146,0.03718899495123604,0.034758014254734175,0.03081732916480572
6,6,HB_HUBAVG,0.027374949337243767,0.025372574117427743,0.024151674513325457,0.02353831186286643,0.02383708688527456,0.025231925151447315,0.027310034429868183,0.027859314415353876,0.029622836065723853,0.032211942179126866,0.03679177211871439,0.04155635987160165,0.048763579075095743,0.05923485298021844,0.0743941483372213,0.09566376741155137,0.0911372009857079,0.05941045612709341,0.04763755510485007,0.04170033780719108,0.03833641401729234,0.03466456053856071,0.03369416589753598,0.030504180769707716
6,7,HB_HUBAVG,0.030242589120843495,0.027792558814823166,0.02645962251384915,0.025450009162285216,0.025093208632282253,0.02537424411146977,0.02550286850006343,0.027166175662151303,0.03032275911647379,0.033690779921909136,0.038369712304244255,0.04297728458057878,0.05009303243448966,0.057295117206771634,0.06760533104041273,0.08172141719408539,0.08494055086477877,0.06120758919132262,0.04825528945773368,0.042761442284651056,0.04083824337848695,0.03791424101038862,0.03606152122126214,0.032864412274643026
7,1,HB_HUBAVG,0.020416975377591632,0.018773374305500867,0.01792693046785308,0.01687048284263698,0.016448332371708844,0.01635940219636104,0.01675155212620799,0.01758353141726306,0.019598389185233517,0.021830750876042585,0.025023129881449644,0.029339993453453356,0.03540170992369684,0.043911684835744355,0.0669258499126502,0.14118201060411983,0.16936216171041654,0.11637852754130029,0.05015608317221435,0.034090257699290645,0.030845913470939384,0.028430334189955924,0.02449008455331069,0.021902537885058283
7,2,HB_HUBAVG,0.018079118013016846,0.016862278266972945,0.01608910397524247,0.015357803726391015,0.015522308894844307,0.016453507848392033,0.016948518855283305,0.01761999904287902,0.019247603209545685,0.021002325006380804,0.024602495692955587,0.029390094595456866,0.035485758837417045,0.04754448618555385,0.08736819646503317,0.16016771551174067,0.17454995373915264,0.10314324511868299,0.03840597482771822,0.030680712417049512,0.028352715033180192,0.025256029862174578,0.021908598934405304,0.019961455940530882
7,3,HB_HUBAVG,0.020511143662757463,0.0193276235047464,0.018345464064324832,0.017760616368161924,0.01785378326734512,0.018438630963508028,0.01971111048331982,0.020132465298335435,0.02195493006171255,0.023750947447257014,0.02701359214897567,0.031937011963230934,0.03928818084716962,0.05293502780881671,0.07907826079639065,0.12488271489546372,0.16841690203831144,0.09270407007112541,0.04310020971568467,0.03481797291668295,0.0318077804579123,0.028325141658767514,0.02505468295905285,0.022851736600946936
7,4,HB_HUBAVG,0.01650672260835345,0.015482089054290084,0.014582952452664924,0.013979740763579235,0.014163596381143024,0.015072545501683106,0.01610854091975322,0.01652324895599963,0.01779061324111631,0.018976378684729962,0.02224446393176271,0.026502580692474624,0.03243295725563471,0.045332804490208656,0.07821455537411004,0.1665442684044121,0.18437877975646358,0.13416192308844385,0.03742184845132629,0.027899573516941056,0.02518460446769151,0.02247944793735688,0.019841946142698817,0.01817381792716219
7,5,HB_HUBAVG,0.017898814704138136,0.01675895903451144,0.01597042062688507,0.015455589765707524,0.015513056501650243,0.016381574387135032,0.017460408677358638,0.017907108872212342,0.019050519185299413,0.020955808080060048,0.024560808989456333,0.028807423043450183,0.03484972448550979,0.04472926354304347,0.07216459421078916,0.14092147022423282,0.20827307718967517,0.10703268435417755,0.038135992364625844,0.030818758801445318,0.028367832135517225,0.025902686895747637,0.022127655540830113,0.019955768386541405
7,6,HB_HUBAVG,0.02093761589996239,0.019610602429920805,0.018901064504165167,0.0183394839772001,0.018277670663927596,0.019326524224242924,0.02028594575684484,0.020948137314987497,0.022661155198762682,0.025190897923861786,0.029682226962704217,0.03552226989007752,0.041952827235734944,0.05582991606541165,0.07603103291361657,0.13261323015332335,0.16054692945654264,0.07370382742775078,0.04118279117358494,0.036306115309447974,0.032561806737388115,0.02925347930043112,0.026458070845948076,0.023876378634162514
7,7,HB_HUBAVG,0.020199465501964938,0.018454515921765606,0.01765260284161691,0.01673059649825754,0.016336004347708186,0.016555160717438264,0.017110799594228662,0.01797801684515551,0.019862982994904615,0.02192891917723386,0.025738698089410268,0.030741108256052124,0.03771371204956034,0.047357699168035935,0.08016197648053687,0.15230980298617158,0.16608787617001003,0.10149541016830214,0.04226397384733988,0.03207763005629995,0.029361419292069587,0.02677360316869119,0.02365892627767887,0.021449099549567252
8,1,HB_HUBAVG,0.023875581228166916,0.021974888099259474,0.02084205603489818,0.020311189126076153,0.02012159380149686,0.020084464717100077,0.02082309650244025,0.021199127229522524,0.023317065001177074,0.025156139649596242,0.027951090726102697,0.03224068494470927,0.03829430566242237,0.05464295250479124,0.0760419448056411,0.12060237594540921,0.1511722520922634,0.07758082685680973,0.04458413055534051,0.03836619388965869,0.03642442177375906,0.031709028055368155,0.027508701635417673,0.025175889162573253
8,2,HB_HUBAVG,0.011218691748821463,0.010435055808665125,0.009960520711570456,0.009790007335703106,0.010044326221837175,0.010474237605672943,0.011414237939443806,0.011688510518498525,0.012405029491558136,0.013641795658221536,0.015362892371231564,0.01753929607724909,0.021153816851220184,0.04371273647847069,0.11961622155419675,0.24623800329562448,0.21710778839797967,0.1038509901748016,0.02569056103254193,0.018809802124669223,0.018218447225384578,0.015551182673519126,0.013681703044062833,0.012394145659055963
8,3,HB_HUBAVG,0.011230955223241688,0.010549151007033459,0.010049276320922312,0.009804862455061335,0.009941223298302982,0.010651680552458189,0.011592397762163215,0.011907926396904644,0.012629775822773711,0.013611919111438225,0.015393930941345507,0.01807281738072569,0.02489603780267792,0.0673225565690369,0.13379277156348235,0.21567797575607775,0.2091989370068139,0.09552128851675996,0.0275776859806554,0.01950685014737328,0.018201928660149424,0.01609955515295544,0.014010299904098628,0.012758196667548122
8,4,HB_HUBAVG,0.011895879365843727,0.011183615517023406,0.010800656329004192,0.01056994186196635,0.010666855351754047,0.011186968924974536,0.012115527586642836,0.012408280100776612,0.0133951880607946,0.014412276692372772,0.016343168990634264,0.019398794315705244,0.02636885274213198,0.056498887842253,0.1458702278070623,0.22629266331348222,0.19584438979879884,0.08416316207590704,0.026209901205248347,0.02075625385432326,0.01917411598297944,0.016831425188319003,0.01445050554301567,0.013162461548986076
8,5,HB_HUBAVG,0.01668730027295336,0.015820260758685735,0.01535416162320451,0.015044538626063409,0.015080209478268602,0.015744162940647982,0.016897996106645385,0.0173070218785983,0.018490818560448066,0.02007365317563329,0.022956809256538587,0.027270604316553607,0.03439240886216165,0.05726741296430965,0.10581211353604207,0.18280741021527594,0.18400167034710593,0.0695643447478475,0.033445942250317114,0.02818996108072219,0.02628133268206284,0.02320032227425939,0.020013726143928563,0.018295817901726328
8,6,HB_HUBAVG,0.012017529124123306,0.011251693604173071,0.01086107347546282,0.010672548831183884,0.010703725085587987,0.011087743183953839,0.01211215822572635,0.012572099673052787,0.013497117480195744,0.014608092475372592,0.017067348778661066,0.020202579633323236,0.025691434305763497,0.06464341333771513,0.14440987751766596,0.20159703114031,0.20035805011234453,0.0950145868192665,0.027199998239458578,0.02051874353092721,0.018667240798786986,0.016598604624208764,0.015038324786149233,0.013608985216586942
8,7,HB_HUBAVG,0.02327360895687365,0.021500775525485367,0.020495266620313417,0.019894813784742647,0.01965163751760532,0.019994651548376742,0.020852543188746853,0.02152288245886149,0.02372145263946087,0.02590290777486584,0.028741865896489627,0.034737836729600104,0.043401615232390216,0.059859157440587604,0.08064537982920611,0.12737159259061168,0.14857642045961025,0.07045265728904813,0.040728102547645785,0.035282665668289026,0.033104776167299566,0.029221800288816383,0.02663243657627783,0.024433153268795346
9,1,HB_HUBAVG,0.02899853578929343,0.027641782073727722,0.026778631609478572,0.02616883502643616,0.02588577758674312,0.025986245505152685,0.027056447244732853,0.027319411100743977,0.029062311076631677,0.031631668885697205,0.0344491387715307,0.03938429765062324,0.04610778547740606,0.05498041312408049,0.06705665691691039,0.08640240983222729,0.09015641544445256,0.06210926716079408,0.049945659960651506,0.04616544532623242,0.043159270480603563,0.03819266077487846,0.034062992511208715,0.03129794066976282
9,2,HB_HUBAVG,0.0253708531575239,0.024021698290823852,0.022820531160873354,0.02248509229090771,0.02287725979329401,0.02435138208213812,0.02748954425532159,0.027487077793042436,0.02856821042540719,0.030728831381950587,0.03413994871402767,0.038638775911213924,0.04595594733938602,0.0648539813223033,0.0793674675269687,0.10043187754508075,0.10181720719187512,0.06073827793247975,0.04617464032813814,0.04296988367341737,0.03868235007814574,0.03315747457282928,0.02967894060512185,0.027192746627729445
9,3,HB_HUBAVG,0.023229256873138374,0.02205161634136825,0.020994515446520052,0.020697924497777947,0.021172945830121585,0.022632109856018573,0.02599135921129012,0.02593108939282916,0.026526650362094725,0.028699535922397847,0.03131651488188701,0.03520233212476486,0.041158734841347626,0.06349504677255122,0.08547687700833308,0.11717562942309094,0.12493536854993986,0.0677845131943321,0.04023803406196371,0.03747831079559332,0.03428638948894366,0.03054093748116568,0.02763450478827847,0.02534980285425172
9,4,HB_HUBAVG,0.021925996376266348,0.02077928331938818,0.02009080402342786,0.01952948647721322,0.019979443437851765,0.02128717788198186,0.024026798774431608,0.023986167209424113,0.02470248665177846,0.026183281465384917,0.028323962992168644,0.032086144937307,0.03710865783406671,0.05207762735738321,0.07767099869377043,0.13034606054404163,0.17105964111793992,0.06330247340889801,0.03814927736009198,0.03624937547779711,0.03276258525104288,0.02855872314554528,0.025921433602003288,0.023892112660795658
9,5,HB_HUBAVG,0.010740957397639965,0.010101142492125622,0.009642062363155493,0.009281282637458456,0.00968621131620446,0.010358793022809834,0.011915388531481653,0.01197436877344551,0.012268580155873399,0.012945990654218503,0.014172848669805843,0.01646135104074259,0.019701125384406316,0.04485223207449032,0.127783625981107,0.21302111285714095,0.2427243905030084,0.10866368017394688,0.031535459197399626,0.01770476491372329,0.01608677476721775,0.01411490316892907,0.012626945485700569,0.011636008437968652
9,6,HB_HUBAVG,0.013422284227091645,0.012517392680642668,0.011724586157869085,0.011564464695475663,0.011865000363352547,0.013083976316804006,0.014931531652112718,0.0148830846455424,0.015269839562400358,0.01624083253306816,0.01771928736916742,0.01984684997973847,0.023158900844168558,0.0440719955363063,0.11402700961673079,0.20037148179275271,0.2191163676569426,0.10572040082918281,0.03265287186054159,0.02070822133384462,0.019225660819222456,0.01731652030607012,0.015760878713740184,0.014800560507231943
9,7,HB_HUBAVG,0.030539520988404473,0.028549365971513925,0.027172261886677804,0.026473311487742592,0.02643623908624668,0.026602612790521035,0.028810681191814413,0.029205818739466007,0.031289106862553616,0.03439052971940713,0.03786448500104887,0.042778838711544157,0.04751868087353428,0.056029961734048006,0.06687137865931728,0.08126993771836548,0.08123467372669864,0.058348343134914604,0.047270928726951815,0.044494115434416205,0.04258172204017562,0.0379277793450663,0.03416899951534616,0.03217070665422481
10,1,HB_HUBAVG,0.03181910810401527,0.02901943041749317,0.027255493257403954,0.025314881946145232,0.025532686587534097,0.02666003593309191,0.02974295313180639,0.031107737579994132,0.0349898949863802,0.037604485466915194,0.038983291673132255,0.042378426683966394,0.04545199604399467,0.052972332267056534,0.06584056700250335,0.0797809988352593,0.07723558236100231,0.056071140791537584,0.04984641501038545,0.04729165069744225,0.04125855560935756,0.037897072817793795,0.03461878579053737,0.03132647700525162
10,2,HB_HUBAVG,0.028043715999490695,0.026060589147394984,0.02391961446758189,0.025488499782850223,0.02722744215007927,0.030398352103562124,0.0350779733385426,0.03526460005197641,0.0354826219134645,0.03639046494470093,0.03858027652148736,0.041639559281888304,0.04460814494791021,0.054020584752074254,0.0640940668402702,0.07667654451047114,0.07551841238224638,0.05616853613145496,0.05013281891801854,0.047599404887526876,0.04228752025423092,0.03830644106345831,0.03497681119481212,0.032037004414506645
10,3,HB_HUBAVG,0.02746938157695572,0.024639521951155298,0.02309132549308658,0.023233641107988753,0.024517772176556908,0.02917716895578179,0.03603957854834781,0.03528851406045369,0.03520460543201426,0.03641716737632525,0.039395101052312906,0.0414418134793453,0.044400003948641326,0.05290356759744916,0.06224704016426346,0.08058354337911561,0.08520756691301798,0.053429230475613834,0.05153223736599297,0.04974794506123683,0.041912359905495834,0.037418312482313365,0.03391718382899749,0.03078541766753755
10,4,HB_HUBAVG,0.024890941353601856,0.023124990826481846,0.021875074836595503,0.021953098022614366,0.022816760616367723,0.02612695222122741,0.03215018768052519,0.030649206983152405,0.030585861426186595,0.03165423831989043,0.0327195251864252,0.03471645524443274,0.03856585659029407,0.05009165793090237,0.06268429115162995,0.10509414154023951,0.1284470218704398,0.06976817843670892,0.044544286655640426,0.041618030926536924,0.03682153625335751,0.03259206156570132,0.02927337238612671,0.027236271974921344
10,5,HB_HUBAVG,0.02519583538326869,0.023168795404737107,0.02194682094959395,0.021327846960877646,0.022436409407765683,0.025829984218159973,0.03559379971758812,0.033442964941313276,0.030835287427560074,0.03187276770026005,0.033328754256943684,0.035994735127053396,0.04080675871675111,0.05333559092448357,0.0676143224990256,0.10713121929090338,0.11606201560293654,0.062188116977298424,0.04402462478196141,0.04493192084800235,0.036778236395351056,0.03176175172034835,0.028475199509293392,0.025916241238523024
10,6,HB_HUBAVG,0.030035034022209296,0.027279951770251012,0.02580544523984182,0.025576733362001367,0.02646733952225567,0.030059275373316804,0.03712404826347609,0.03579709778328653,0.036043727181510804,0.036663462592433325,0.03872186949299741,0.0406611775815985,0.043755638749061965,0.050782468654879044,0.05943136114132497,0.07899834737223754,0.0751060295618007,0.05156873160819231,0.04873670941576236,0.04898544675756119,0.04245925345070363,0.038523722796988166,0.03702919080262059,0.034387937503688897
10,7,HB_HUBAVG,0.029197979656751374,0.02564490195393058,0.024132266070117796,0.022961305882764165,0.023062672585550004,0.024159355447586423,0.0279833269250935,0.029419937781816913,0.03235432905728967,0.034645566080604005,0.03667202628543465,0.039596805201160476,0.04263343703030515,0.04771313223111608,0.059334475165157816,0.09502341920374709,0.1042941032542207,0.07037995036526967,0.04922489426404278,0.04595407039742738,0.03894141703659688,0.03558582963403125,0.03214984794994582,0.028934950540039847
11,1,HB_HUBAVG,0.03268334364595303,0.030059813194260293,0.02916526709685023,0.029465806299537406,0.030675034620937562,0.0325148059754265,0.0369309643772651,0.03815079996464245,0.04160523291788208,0.044134476560888654,0.04264710215386429,0.04242788532366894,0.04315860809098677,0.0435027549426913,0.04477562685995463,0.0469642594065824,0.04717404755590913,0.0708695011638528,0.06023512772916114,0.049637290432835386,0.04604260585167506,0.043197501399569814,0.038658770146439196,0.035323374289165856
11,2,HB_HUBAVG,0.025561421411789582,0.023499981661708136,0.023620798643397892,0.025067366254522546,0.027496650564927266,0.03330557419349271,0.05011639421718147,0.04583602115160158,0.04313705607849652,0.0424930584171681,0.04316726032391896,0.043076647587651645,0.04387598136829547,0.0475652142020362,0.05011207932497827,0.05135692572560306,0.051717219224570725,0.06999186642819696,0.058449529784622166,0.047606205677966654,0.043536183607293034,0.040766022812835076,0.03665608798928181,0.03198845334846423
11,3,HB_HUBAVG,0.02348758317952718,0.021944678525598067,0.021161040438912322,0.02261395794413111,0.025536665544951865,0.03279187940972181,0.06397992536690855,0.05755240579704711,0.04662459142553705,0.04343379711085012,0.04303072967391845,0.0417765337887683,0.04241675485719697,0.04448270981300484,0.046720202771041774,0.04700141261076154,0.047782238599050085,0.06959474849997986,0.06146309730141666,0.05017533433506529,0.0436868859665979,0.038502313888297834,0.03394109028804325,0.030299422863672293
11,4,HB_HUBAVG,0.029274020746967652,0.027098360160993394,0.025979893201495068,0.026500259268506146,0.02897679935544112,0.03442280977556584,0.059520184076066726,0.05260910082755581,0.04680916831967487,0.04395309937894447,0.042124959189216625,0.04035077611364283,0.040608672828752,0.04206642943826986,0.041533259988239174,0.04313459739304831,0.0454273174809161,0.06836640721525504,0.05932264616662139,0.04763955916123209,0.043975048035549504,0.04071841611177719,0.036155839120005195,0.03343237664626356
11,5,HB_HUBAVG,0.03157222269897118,0.029391572985497293,0.028253096484453212,0.028900521563355163,0.029602296022960224,0.034868464963719405,0.05225359230336489,0.04607111187390943,0.043644459700410955,0.04593571517110519,0.04543417527198527,0.044335745683038226,0.043425155181784365,0.04411834816022578,0.04488209998379053,0.045371244410118514,0.04629041639253601,0.0636478922928764,0.05478608274454837,0.04654309333791012,0.0417975342544123,0.04016514583750488,0.035841986326840006,0.032868026354682146
11,6,HB_HUBAVG,0.03091981497677641,0.028531430791401052,0.027577416755816427,0.02870749757429731,0.030206935882984485,0.03517795184573488,0.058553687929282394,0.0529147664531538,0.045521875340890174,0.045252033858407856,0.04369613935303112,0.04396406706613413,0.043381324290135095,0.044528629033029746,0.0450759670755116,0.046027110457027266,0.04653904376599193,0.0620893768575524,0.0518612364098452,0.04484440098061543,0.04020925154393345,0.038012244296488806,0.03438565132270171,0.03202214613925734
11,7,HB_HUBAVG,0.0330406332053398,0.029743153684863622,0.02815634628110148,0.028689745675615056,0.030116979620349076,0.03263444621872277,0.04042230055828393,0.044103649099079496,0.05029465295004458,0.05414784983133197,0.04791778953934602,0.04526195154992697,0.04348544143263489,0.04316852631120841,0.04397420489455319,0.04562350260394872,0.04671708295253303,0.06154960335394398,0.0528043082602141,0.047054084243627385,0.04189974992718763,0.03958872451706711,0.03636935787863267,0.03323591541044414
12,1,HB_HUBAVG,0.03233490682397229,0.029820610896647635,0.029264877957509233,0.029907182359528488,0.03140775438279666,0.0335003635070565,0.03900835647335786,0.04014961038187324,0.0458558799244501,0.047966175691664094,0.04506463537123798,0.042745823392353964,0.04047541696260764,0.03898508457473397,0.038377222582678075,0.038066310017062954,0.04110189647356265,0.06954294921978632,0.061397784701426185,0.05244089635906491,0.049524462023519504,0.0452480179323942,0.04013285461486404,0.0376809273758514
12,2,HB_HUBAVG,0.03139669319140204,0.02925615337401685,0.028707459256975966,0.029614115269153904,0.032316908366274565,0.03799729359112616,0.06739627014552597,0.061662552214075676,0.05043104578206087,0.04827965863452001,0.043622538221019774,0.040683815693013325,0.0386074559123825,0.03754080178040846,0.0368330134877511,0.03630149431012337,0.03811571027865887,0.06314321278032439,0.053957332026832686,0.04550726183556714,0.04181103408502318,0.039178748633914365,0.03539212646540651,0.03224730466444237
