Month,DayOfWeek,SettlementPoint,X1,X2,X3,X4,X5,X6,X7,X8,X9,X10,X11,X12,X13,X14,X15,X16,X17,X18,X19,X20,X21,X22,X23,X24
1,1,LZ_AEN,0.035399869683514135,0.03219295999533692,0.03094600192768476,0.031501824638975454,0.03282372509466681,0.03560492038412137,0.04393913845398017,0.04834304461778341,0.05205477455872465,0.049928284298112496,0.045671140310886,0.04269322125282855,0.03993180242688433,0.03837050267606777,0.03706005175188241,0.03693827037131872,0.03819147363797414,0.0528583234971449,0.06325137550508046,0.04954940889191434,0.0454036376202461,0.042717161182341076,0.038618228903197334,0.03601085831933368
1,2,LZ_AEN,0.031846340953575435,0.030509473044106193,0.030441061893088577,0.03129905174543451,0.0339005757938544,0.0384166619158923,0.06395207418809268,0.0581494783649735,0.04886836554358361,0.0480322292533683,0.043908557094806455,0.04003952644281018,0.038126864678942676,0.03713110236968626,0.03636432738536382,0.03566881401668472,0.037176709803698006,0.0547840297968569,0.05811147216996371,0.04708017406837315,0.04383254470478688,0.040774946316249554,0.03766603956444901,0.0339195788913593
1,3,LZ_AEN,0.026353845689322277,0.025162769779885363,0.02525653025841342,0.026486540603849272,0.02988416608000153,0.036513349744065685,0.06526206053748593,0.06257320071257966,0.05091193984073433,0.04803555905877194,0.04225578176374585,0.03940721129321127,0.03763132426346377,0.036520500967004266,0.03538901858205552,0.03541762347380985,0.037465256975223404,0.06097688883662317,0.0681376467391218,0.051855106688300456,0.04579961001997576,0.04172261836465835,0.03685819760577057,0.03412325212192677
1,4,LZ_AEN,0.023976961611480996,0.023013259386673268,0.0232808846459745,0.024148467939624746,0.02865349313786219,0.04392446685404623,0.14326369631946162,0.14443722679921447,0.06625044447152806,0.0374945501194262,0.03520340147935202,0.03193849896153861,0.03033337563403942,0.02875903549364296,0.027273275544705353,0.026854247263123375,0.02787637472059546,0.03953126629467175,0.04285647873007417,0.035033151607824706,0.03290220118634633,0.030297566620470947,0.02758424855727369,0.025113426621048915
1,5,LZ_AEN,0.03018220532101499,0.02872717732627637,0.02895460939437705,0.030179519115486244,0.03377097590742261,0.043987510935095,0.08255784072054777,0.07253918950015982,0.05231027106499991,0.04594127775633787,0.04222983711745075,0.03872075729506266,0.03675535024986188,0.03553402213612436,0.033955428687063326,0.03394020685573375,0.03541582909285944,0.05053200300496858,0.053296108494050504,0.04337684687822624,0.041083722758518175,0.03767134633516503,0.035423887709445684,0.03291407634375193
1,6,LZ_AEN,0.03310211748736746,0.030898388516915502,0.031134323053615368,0.03202786236281912,0.03472855982546868,0.04084478619813079,0.06675943411854354,0.05899467791923809,0.04862861795572261,0.045348625907218484,0.0431077497969457,0.04065302663851515,0.03855973511077377,0.03713308414630351,0.03586706946213953,0.0352205084339067,0.036893133702595976,0.054486822303142744,0.05517354240145215,0.04568897402611744,0.04253949895536219,0.04064901073150749,0.036851970655767494,0.03470848029043039
1,7,LZ_AEN,0.036782439902193965,0.03406861417854182,0.032813756159738736,0.03260131546609904,0.03436436494811864,0.03719482477808278,0.044745841785834774,0.049335185594021655,0.05741209745612682,0.05530018703112047,0.048083451703066216,0.04425014683400883,0.039870119591613996,0.03726876247047698,0.036161779836462314,0.03539012025809461,0.03639088254528943,0.049136282787721745,0.055719861538653784,0.04663281500581087,0.04271620006081635,0.04041059370925616,0.03796336022860284,0.03538699613024696
2,1,LZ_AEN,0.032138734168682,0.029251247826660928,0.027164280558060094,0.027877725627003046,0.029217541760411653,0.03146742168255064,0.03825498077349803,0.04136155654613938,0.04841174206994569,0.05063353360354361,0.04766599535418052,0.045534086663913995,0.04435718318404353,0.04351874478609286,0.04276597597319243,0.04234043688679536,0.04236852527533642,0.04964903558517943,0.07305789859529968,0.05100008707400446,0.04564363137922413,0.04234465014507651,0.03885607228827674,0.035118912192888575
2,2,LZ_AEN,0.02890887031680061,0.02674932192938039,0.02618656091605962,0.02752139494542848,0.03069115575319734,0.03738036628347113,0.060316951013471176,0.054955054320851494,0.048050264961421424,0.04743360924081159,0.04459097677263454,0.04347673503356513,0.042227129843630154,0.04221459619077223,0.04120689050099518,0.041828559682748186,0.041338493856003376,0.048346059168868416,0.06900402580929797,0.04748499721752907,0.0426131663516542,0.03980813484205092,0.03604427888881648,0.03162240616054106
2,3,LZ_AEN,0.026701393383357586,0.02427862960217251,0.023488910593086818,0.025052658829620735,0.028809054049990256,0.03596097951306763,0.05344854862982444,0.04815193984537719,0.04510812220770917,0.04467273076726954,0.043765338395902874,0.04313382468499494,0.042482698747040186,0.04329333746497583,0.04294162485993601,0.04369211941492804,0.044480530942210605,0.05145725384366962,0.07809065817326487,0.05027790525725358,0.04553305379372382,0.042133601105606606,0.03830921683147474,0.034735869063542306
2,4,LZ_AEN,0.029370519000344125,0.02697202795393449,0.02618805515235723,0.027246289066037425,0.03060081295133418,0.03715203121401941,0.05913431808596793,0.0504161783007713,0.044846866566794236,0.04436432225163199,0.04368901894730306,0.04350919680304689,0.042628197664640766,0.042463899734277215,0.042287958643494196,0.04346650521484219,0.04190244066516082,0.04767227349525089,0.07031822051110888,0.0498443697557265,0.04605258051245431,0.04139790371365071,0.035796249867397344,0.03267976392845408
2,5,LZ_AEN,0.027107302019132917,0.02585911539230633,0.025573815591888822,0.026745582629317866,0.029092937683645823,0.03766339463458063,0.07048688194064999,0.05772098953178991,0.04760685687502468,0.045910341990399145,0.044231658343299715,0.04285101109485072,0.04152385755898,0.04075456702571137,0.03987701540746288,0.04030623876791243,0.0411544962102252,0.04757501537944236,0.06670283860564817,0.04765398228848649,0.04376040420868152,0.040701073313133086,0.036845705028026886,0.03229491847940301
2,6,LZ_AEN,0.029798179758838098,0.027927571240991517,0.027321158298836294,0.02879333847865527,0.031497138332314295,0.036263243357021864,0.06546127477021461,0.054039662413423284,0.04945523068750189,0.048004350135816456,0.04513516493429692,0.043719366123066754,0.04155432156925637,0.041569356600880056,0.041436547154870856,0.04082762837411169,0.0411734341014564,0.0485669109024026,0.06242043962432468,0.044205498812232506,0.04171720107851294,0.03930783726081771,0.0364373991399962,0.033367746850160876
2,7,LZ_AEN,0.03389941651945827,0.03094454258337348,0.030266045714897487,0.03060462502007387,0.03228146244847706,0.03580509608693325,0.04061881055618007,0.04445559659547133,0.05049114073122424,0.055102778223863814,0.0514132005781275,0.0451033135271131,0.0428416572988598,0.043466623842406724,0.04214308655853541,0.04155023820994593,0.04132942561961351,0.04788421390717841,0.06350436272148172,0.045196991595738985,0.042541887479256996,0.03907178416572988,0.03644344521171243,0.03304025480434666
3,1,LZ_AEN,0.033560149083870505,0.030231472788357257,0.027804609957097652,0.026654575614450067,0.02710869399565926,0.028560271390506792,0.03326731707986658,0.03598630799204356,0.040773424932498185,0.045044654240899026,0.046113033505507064,0.04489023111378759,0.04364226347172403,0.04342607109376802,0.04404833910227634,0.04789747852990592,0.05308266397580336,0.05034079556331358,0.05511532987859615,0.06462550675862953,0.05719603853204584,0.045738986375392685,0.039669585542405295,0.03522219948159585
3,2,LZ_AEN,0.02420105332076047,0.02196099666050377,0.020875969215691927,0.021486425833124018,0.02402090170516078,0.030947988684419666,0.051227913411927485,0.049355366047494145,0.042274892835524665,0.04294814515896579,0.04321991673907046,0.043486541130158006,0.0415728162535876,0.04299035210890629,0.04567718477585021,0.05001626511729415,0.055802735010356146,0.05616097936594867,0.06869850237388359,0.06271643929817049,0.05243956170656082,0.04125883772354243,0.0351450066089907,0.03151520891410783
3,3,LZ_AEN,0.024984869955421724,0.022513321819738433,0.02132690490951495,0.02187583030732442,0.024694262391875537,0.03251206713311487,0.10127535205030554,0.09096662533581318,0.052616575148348235,0.04105316181029138,0.03726603784725297,0.03752527824521005,0.03694037286334249,0.039671161396982846,0.0411518761255277,0.044573664865822336,0.047125476042865995,0.04375996368789301,0.0516995468367136,0.04881561272990287,0.04120538481976796,0.03564417087355711,0.032200240604611345,0.028602242198801406
3,4,LZ_AEN,0.029922726142821637,0.02710906628494039,0.026037604038984086,0.026270111346356605,0.028934837952049926,0.03530253807976823,0.0596290169119601,0.051492332616167945,0.04279313064124873,0.04357208369405896,0.043101711768084146,0.04264955470029058,0.04253062239098944,0.04480962258813849,0.04616823671601108,0.04858009823165872,0.0503287246170594,0.04764578315318482,0.05671999691418874,0.052080565389197954,0.04770149918997455,0.03902479792222042,0.036137207169368184,0.03145813154127702
3,5,LZ_AEN,0.029239220330365218,0.025783032499106993,0.023750296328953563,0.024019540011649347,0.026713049522601992,0.03202819871685541,0.04924584951745311,0.046966396028494783,0.04249008571817803,0.04328923529430694,0.043007119403673515,0.04346408278545998,0.04325598209046803,0.045134251765369685,0.046695006977809386,0.05006859814146771,0.055350494131882214,0.05229012669470663,0.06017006332053622,0.0568522517246077,0.0513236384153883,0.040264266428959895,0.03680164249373285,0.03179757165797256
3,6,LZ_AEN,0.02930501976254779,0.025581969058604655,0.02467167454331763,0.025020710546812302,0.027493048904899543,0.03361410622544494,0.0512565834761616,0.04645949297134135,0.04421984528225055,0.047294378473527666,0.04570863465518152,0.044686303891859173,0.0444126769014652,0.0466480155040931,0.048449213645584105,0.05140847877397872,0.05318382239669235,0.048855345044712166,0.05324307233555718,0.050194393663057446,0.046179402351253035,0.04118624841237096,0.037551533980917214,0.03337602919836987
3,7,LZ_AEN,0.029589234029086236,0.027026007423506655,0.025662655905166906,0.025666847608528442,0.02770925507143711,0.029721272684974636,0.03331775416917296,0.035755229673906444,0.04213185841264386,0.04763975662970283,0.047684817440839355,0.048580794034367776,0.04792374453244693,0.04843827612007554,0.049768094011523,0.055850255589112476,0.05793038838227497,0.05375021220498268,0.051421720987649154,0.052447640385385214,0.048547260407475486,0.040828238667206,0.03787937535236507,0.03472931027617038
4,1,LZ_AEN,0.03354383746685526,0.030481786882188944,0.028222487026365706,0.027136613165111956,0.027299209984126917,0.02912870845821831,0.03238633004197954,0.0347388672345806,0.0399351431989048,0.04246505873952218,0.04303699020780556,0.04395913020935194,0.04278570421478245,0.04480963664727634,0.047320222496122694,0.05040273981325244,0.05492702472836099,0.05171602181298865,0.049764859984809146,0.05663031168559461,0.06874093210047802,0.04665050552829185,0.039624731089876256,0.034293147283154975
4,2,LZ_AEN,0.02559804528899689,0.022983964542094754,0.021321156025906826,0.021371980046297805,0.024063735239457852,0.030697708316152254,0.047172362473077656,0.04356961068800381,0.041356368441543744,0.04144171443804936,0.039803838460166434,0.041026491780892856,0.042757385305529076,0.04732195770290771,0.053324945771729186,0.06563970180684188,0.07916080911840463,0.06417827148465595,0.04814856724209686,0.04725579058202134,0.04990631119260002,0.03889188292447167,0.033966747665451366,0.029040653462650102
4,3,LZ_AEN,0.028045707549825,0.023874722550581057,0.022139663429434856,0.021929955265937544,0.025056814356400125,0.03160743514775043,0.04232241857528688,0.04095710805820174,0.03998582814305629,0.04122421003486674,0.04176062144254934,0.04325506803926178,0.043779338448005065,0.04833331677742568,0.05306168400070197,0.06742448574591538,0.07270582028451879,0.060934569949261656,0.04811808997804686,0.045615940469371015,0.050375212053583744,0.04075733343929114,0.035923008407089896,0.030811647853636947
4,4,LZ_AEN,0.02673043328846759,0.0244256708382256,0.022329390876027373,0.022571093101177005,0.024226352415590364,0.02955181992611472,0.040867149689280895,0.038176350983705136,0.03759214181391219,0.03869182966293421,0.03895873306795726,0.041113433947134785,0.04225894212319939,0.045968097597296594,0.0498548068386838,0.05983905610126291,0.07073054783928519,0.06349895472378933,0.0510426988172628,0.05277470717947248,0.06361465104957185,0.04352014662504653,0.03886136487299177,0.03280162662161001
4,5,LZ_AEN,0.02863487811718379,0.025128636595179634,0.02192574277259797,0.021258377833868483,0.023228420817665137,0.02951286938305946,0.038608721532535466,0.03765746893547852,0.03827790083391999,0.03847822478636881,0.040437965395468095,0.04106641025200753,0.04276057853557467,0.047347424692502735,0.053251830102394156,0.06581500369168426,0.07945305837439974,0.06547388061837142,0.049383860757682425,0.04860774853048072,0.053238093602797666,0.040619974015121595,0.03747774973242443,0.03235518009123325
4,6,LZ_AEN,0.02948265148538375,0.026786938126524905,0.0249147880438259,0.02451385779426681,0.026479672493671925,0.03233256878638071,0.041022817614430745,0.03839906609523635,0.03874973728217265,0.04142260561256659,0.04153111949777489,0.042732767995028925,0.044555801266528375,0.04775524750303839,0.05456649273984995,0.06337210896164776,0.07123194100499848,0.05684528432922427,0.04698194328950134,0.045925360722999464,0.04962853983716064,0.041372346549943796,0.036858168925278476,0.03253817404256486
4,7,LZ_AEN,0.0314832196328007,0.02781237122842361,0.024973673366604096,0.023804999771072755,0.024385330342017307,0.027370541641866218,0.033564168307311945,0.03481983425667323,0.03978526624238817,0.04415090884117028,0.04602009981227966,0.04858522961402866,0.048349434549700115,0.05035483723272744,0.0528581566778078,0.0573691680783847,0.061729087495993776,0.05333203607893412,0.04695984616089007,0.04789043541962365,0.05448125085847718,0.045027700196877435,0.039227828396135714,0.03566457579781146
5,1,LZ_AEN,0.030658546080356362,0.02746547935355821,0.024637243368696028,0.02273969805203784,0.022888608558950474,0.02397352796645684,0.02803453021926008,0.029256660022421662,0.032480572497080286,0.03532369953263373,0.037857305443104484,0.040457921081685916,0.045483650689987463,0.053047240794671546,0.061617040467493896,0.07671656586843544,0.08110836217588033,0.06610031037204225,0.05246968075714611,0.04761626187827204,0.04818318545101801,0.04213741887036489,0.036819186480627805,0.0329273040178182
5,2,LZ_AEN,0.028727829781840405,0.025456079425106727,0.02278441403089745,0.02250714705151324,0.02507186661081718,0.028675347103599824,0.03351860708991472,0.033386905274707224,0.034951483229803834,0.03623978444472832,0.03872825558470161,0.04178710451083669,0.04547772605428294,0.053421425013640556,0.06089277986883293,0.07601472287660532,0.07998954307392038,0.06387637061484945,0.04826227871867008,0.04409733259263441,0.046847226884598525,0.04016707315986324,0.036578446255261896,0.032540250748373294
5,3,LZ_AEN,0.02665353681646632,0.024756740275372315,0.022835125835609784,0.022490334314822134,0.024122111152277307,0.02781200087217187,0.03332157437658324,0.03293866965426894,0.03379311445128512,0.035183803130246105,0.037303074405832914,0.04067033144303672,0.045106530830034616,0.05307750807024883,0.06586670306625138,0.08026462970808833,0.09035133280979385,0.06306139416318476,0.046622195355862074,0.044160791620059245,0.04554970759197247,0.03871503556936691,0.034583741794582255,0.03076001269258246
5,4,LZ_AEN,0.024547760995934663,0.02275023610255482,0.021307152737447054,0.020921256441514463,0.02263515768428466,0.025244369021196676,0.030051578147068683,0.029838299478541323,0.030725170488676668,0.03204857229878347,0.03369496086950184,0.03740508907453169,0.04185018477758026,0.050609186786849454,0.06824533798147851,0.09317362494715982,0.11421686451204065,0.08212686398267993,0.04392236349589822,0.039164254495154815,0.04070477092106464,0.034722227549926765,0.03174399808509512,0.02835071912503577
5,5,LZ_AEN,0.027213242158014392,0.024394906450013625,0.022775368371216353,0.02221080793779116,0.023950047121143774,0.02771348558003672,0.03293566958921976,0.0318610395236968,0.032714133216609875,0.03376821757015691,0.03604879159948368,0.0390520387152677,0.044052686351840856,0.05093907303107316,0.06543362618416998,0.08545318927513837,0.09810041493405275,0.0630717625987646,0.045966117441076246,0.04256267558767437,0.045035307359384706,0.038206091356954956,0.03522517653679693,0.031316131510422486
5,6,LZ_AEN,0.028304575650610595,0.025820430426298766,0.02419896802163475,0.02405026247482253,0.025360015175591697,0.02888509922758907,0.03244354670355072,0.032056530985565074,0.032979267968348595,0.03414317484435963,0.036722644137140825,0.039686269425853606,0.0438147548312621,0.051150895140664954,0.06039065709740118,0.08118846235604874,0.09117270528753076,0.06612058685309513,0.04687179770707485,0.04382714696016312,0.04429709461771712,0.03877783105334049,0.036003900660881764,0.031733382393453906
5,7,LZ_AEN,0.02928043789001104,0.02633012954110607,0.024536764989945364,0.023411337235900637,0.024074190800161852,0.025063387913698904,0.02878024777710227,0.029723695794946454,0.032168730798087894,0.034962475575066126,0.037637272703242894,0.04035985222025445,0.04520925636369921,0.05212956957217479,0.060836130805814403,0.0823859881703005,0.09516320227403505,0.06689229442898012,0.04818599752344895,0.04396793090056587,0.044224125836445964,0.03886944834723767,0.034739829976027474,0.031067702561746027
6,1,LZ_AEN,0.031205449073340726,0.0292589349662154,0.027774997351846763,0.02684887256697884,0.02631146752392327,0.026401844863894644,0.026071433083354148,0.02745916256162423,0.03006552843047602,0.03299453168503206,0.0366067098858233,0.04105269193280202,0.047073960733475285,0.05548294054823089,0.0648112425523727,0.07731538484712139,0.08225989996297445,0.061329285465088604,0.04981443491325233,0.04508274385604154,0.04395156940736761,0.03972229861644926,0.03716840991274214,0.03393620525957247
6,2,LZ_AEN,0.02905468307001524,0.027367046906273135,0.02591912631855601,0.02561972252681397,0.026031763757893043,0.027833000074128915,0.02955433119835646,0.030440027302545126,0.03256377252628448,0.0344853479871112,0.03836026844293662,0.043625346697075566,0.04924759153236016,0.056640265862865365,0.06340717664149814,0.07920433683022843,0.082574795591929,0.057009947715048456,0.0490945201404406,0.04425014753579127,0.04248549431951102,0.038004064574947705,0.03526803378353009,0.03195918866386004
6,3,LZ_AEN,0.029135500901999477,0.027179799849843905,0.02603961840639352,0.02550044785940597,0.025945891626720056,0.02762331110623689,0.029219565127067422,0.030380037935189386,0.032432364533400065,0.0348876196586606,0.03913431240778299,0.04365928672954413,0.049096406206065576,0.05881307111736815,0.06577880673248154,0.08023688718870872,0.07903969667308583,0.05664092884204912,0.04829731294018976,0.043471833170197205,0.04126973697560109,0.0381922133337456,0.0355069894088739,0.032518361269389125
6,4,LZ_AEN,0.028406961322781064,0.026477965661895076,0.025476077210281244,0.024909361530366585,0.02518325909267828,0.027015850019461135,0.02888538107800314,0.029948536089607743,0.03213521169398434,0.0341110582536868,0.038401519410687764,0.04289470080295232,0.047852787268088046,0.05745541956781847,0.06407851489858582,0.08146019835949775,0.08691202121985324,0.06016195995329325,0.04971150658074931,0.04390199512750652,0.04091074543383932,0.03726178119909469,0.034763366921823864,0.03168382130346408
6,5,LZ_AEN,0.02884144554179617,0.026552930248138984,0.025249724190324487,0.02442678161086524,0.025134358408157302,0.02700670232466324,0.028921774308638508,0.030009630906407587,0.031558096071496025,0.033579988224144604,0.03766564603556172,0.0425665553742936,0.047637522421553405,0.056922331482638304,0.06762742150640366,0.08461695569355772,0.08553219089875072,0.05818622771838102,0.04772810592458838,0.04353050057640163,0.041783777178255516,0.03809378127160438,0.035370294251109435,0.03145725783226841
6,6,LZ_AEN,0.027854214023906115,0.02591655867054755,0.024628134989989618,0.023996472731014785,0.024300172598574865,0.025668913599479277,0.02780401569868957,0.028275043316971466,0.030039514448332954,0.0326883127422592,0.03690413542169521,0.04119776550521686,0.04749347212612496,0.05749632506427477,0.07221531065651879,0.09349438071581138,0.08972281321454179,0.05932605401841776,0.047895058727857306,0.04232220799006742,0.03922831787922115,0.035706068726527054,0.03439087260585362,0.03143586452810646
6,7,LZ_AEN,0.031076059307221952,0.028526049537412994,0.027121527460333684,0.026091664112175332,0.025753754205947575,0.02607373785720304,0.02612124243287962,0.02785381497595193,0.03069781532730653,0.03393350434980577,0.038162307897770156,0.04241531188994714,0.04879795497283277,0.05534283066321766,0.0653125173660595,0.07979603507092524,0.08379000467875256,0.06086053194369006,0.04860883298287505,0.043438004736116566,0.0415440958982936,0.03845002429007549,0.03667980661156136,0.03355257143164451
7,1,LZ_AEN,0.020631409762930306,0.01899357903834176,0.01808748794963228,0.017011873602170755,0.016596648911429996,0.01648399104960111,0.01689814280832445,0.017759707218311084,0.019664698015236706,0.02182826542836006,0.024971956239394733,0.029138687729037452,0.03502318337856635,0.04339366251245271,0.06627769304595206,0.14064368410520955,0.169046876936307,0.11641741561792032,0.05032051161690318,0.03437835123609815,0.031085522874642377,0.028603294652345884,0.024678509332630917,0.022064846938200725
7,2,LZ_AEN,0.01817415365776576,0.016985296812972013,0.016220960933173368,0.015506160755241126,0.015648328219597715,0.01656424334710756,0.017554462027417023,0.018195454009568318,0.019769698614882706,0.02147768961523639,0.02481540520699484,0.029268664804784753,0.03524960544813464,0.04724269422701024,0.08675781896286111,0.15920923186968544,0.17341656652198942,0.1027677578060836,0.03864577316809544,0.030918203676936082,0.028501852139892786,0.02533255793448012,0.02187248915911165,0.019904931080977996
7,3,LZ_AEN,0.02054363081580548,0.019374242562139838,0.018394064082236792,0.01783841006308589,0.017955768024027246,0.018814397187241032,0.020053242193300538,0.0204807604795869,0.022250111370309873,0.02407933877171721,0.027197707448158914,0.032062075176156696,0.03880896040007089,0.05220333584016324,0.07822806244401545,0.12396234006983996,0.16770991507115723,0.09269183236493055,0.04345477886407073,0.0351996043360174,0.03219380349966229,0.028536546227061307,0.0250792765001461,0.02288779620909835
7,4,LZ_AEN,0.016589464224152816,0.015572236802710958,0.014664771002731674,0.014060309115522307,0.014260250472928303,0.015285207586022455,0.016370456294004493,0.016788890268781994,0.01803130937369401,0.019205707192065834,0.022315104487395196,0.026242303159537236,0.03194939216281411,0.044896625680406116,0.07762671670010189,0.16588536661154543,0.18384298625815423,0.1341828092688279,0.037599281447864015,0.02820925202865758,0.025511074329230245,0.022760850039344135,0.019957033220668788,0.018192602272838535
7,5,LZ_AEN,0.017959257616921666,0.016851567786651006,0.016049365905295182,0.015526010581960464,0.01558639773465293,0.016434185995982478,0.01746846399356818,0.0179918193169029,0.01905569885992608,0.02090993966613009,0.02439640968775698,0.02857851602716475,0.03437568268564165,0.04426615104721388,0.07157949702238055,0.14043742795723882,0.2080816955291602,0.10722094179092903,0.03847312860509822,0.031269296507432064,0.02883604947247086,0.026318734048467206,0.022264506385349367,0.02006925577570554
7,6,LZ_AEN,0.02113098874476619,0.019774501187008724,0.019021699859555916,0.018437720470284056,0.01834706900153319,0.01940664015439653,0.020274398054540652,0.02097727538471038,0.02272001702671065,0.025260228835838075,0.029719886961559836,0.0356194582720779,0.04170230320420097,0.055444540351070805,0.0752696224300637,0.13196291960791268,0.16000838197638595,0.07339812942664917,0.0414388884290626,0.036659322583908444,0.03306479477952643,0.029695581857619384,0.026652845602155664,0.02401278579846208
7,7,LZ_AEN,0.020483634570890898,0.018729738662832434,0.017884507735059337,0.016960818900231597,0.016550166876073233,0.016774968255151797,0.017342536093419444,0.018212806778763174,0.020045717032933407,0.02208339686012569,0.025672985217640013,0.030520125844257166,0.03713340403818954,0.046585077862517275,0.07903493435688445,0.1512813122168421,0.16558346530212975,0.10154790216911075,0.042585950358958846,0.032348028146913274,0.029746119115796086,0.027150887353364402,0.02398697487455082,0.021754541377364732
8,1,LZ_AEN,0.024005895324776576,0.022120909505657725,0.021008419972310316,0.02044150099902667,0.020252528007932123,0.02019797095192575,0.02088507358481764,0.021274089114602237,0.023377303157746592,0.025136570543459438,0.027856516524067173,0.03202024778391611,0.037756645484296664,0.05390632474415508,0.07528478387894343,0.12011170754887798,0.15109537126867295,0.07794621939368926,0.04514398714034843,0.03872918430875815,0.03661252867210498,0.031845507068301485,0.027640660345954988,0.025350054675658304
8,2,LZ_AEN,0.01136196171682971,0.010580360635396559,0.01009458901355612,0.009929754148617007,0.010164816671245414,0.010591640725491729,0.011464574149308366,0.01172328847374923,0.012478690636251661,0.013744971717903138,0.0154599092862432,0.01753289874663644,0.020916198027439728,0.04309649389328671,0.11875133041385194,0.24577351398458266,0.21643108865605,0.10394384698375848,0.026111225327077128,0.019092462170762367,0.018486612170489462,0.015795764871980072,0.013941463609883542,0.012532543969609254
8,3,LZ_AEN,0.011342896517120206,0.010670999518687503,0.010170628571943396,0.00991351275304857,0.010041724145219845,0.010741342525743634,0.011608675267918495,0.01194098533573539,0.012657929580066108,0.01358624936284136,0.015327498675437711,0.017928110832857738,0.024570500499158137,0.06697555216661659,0.1332975727504358,0.2153705361211341,0.20934945193095017,0.09568381546014547,0.027845435275943832,0.019602135793883205,0.01830927983661017,0.016168496104626038,0.014132360590035756,0.012764310383840653
8,4,LZ_AEN,0.011949074877774054,0.011233482843958545,0.010854659792676804,0.010629586416737653,0.010718068177383386,0.011246940145957895,0.012094750171917032,0.012435892777600589,0.013419957986303157,0.014373071400407217,0.016240272052817216,0.01920592498092427,0.02608866208849252,0.05612468728594479,0.14564804310642973,0.226534166071181,0.19609374894864826,0.08437997499633289,0.026256878363484414,0.020785475803098138,0.019200878492674517,0.016857289349487475,0.014468281812052628,0.013160232057715675
8,5,LZ_AEN,0.016718834117036126,0.0158808200056217,0.015428702102419712,0.015100928532975072,0.015142853059299386,0.015809357744841615,0.01687223977017737,0.017307683145864002,0.01845584346906399,0.01999799905669816,0.022820758357511402,0.026997489292571265,0.03402413518754079,0.05686109165749568,0.10564742426191395,0.18308154796785153,0.18448601959971606,0.06991819953216041,0.0335910738872135,0.028214729801191996,0.026251899705099075,0.023175687586052474,0.019989900000476415,0.01822478215920839
8,6,LZ_AEN,0.01212597946310382,0.011380035897618145,0.010970792792192065,0.010766720804974227,0.010781742261843044,0.011177429418387508,0.012095570172369384,0.012546946632427515,0.013469117533374196,0.014571545916746689,0.016957392919911086,0.0200411881019803,0.0254969079613355,0.06428194321962578,0.14414699924416424,0.20148353373544425,0.2003723123041486,0.09520636001156285,0.027378620216902506,0.020633253328809796,0.01872406279848276,0.016650735373589128,0.0150921676292001,0.013648642261806407
8,7,LZ_AEN,0.023419060128554537,0.021667729159803244,0.020625915419841667,0.020004107356017913,0.01975381534867602,0.020083259529279883,0.020881912088319562,0.021542939697453294,0.023727111829898413,0.025821435549451564,0.028645242811770423,0.03437557492288011,0.04273432965240073,0.05903753809644015,0.08009843392790164,0.12723533581200858,0.1486513467991859,0.07097668077144131,0.04120405430266935,0.03556143135652563,0.033320212612720536,0.029368308610758134,0.026794080273139172,0.024470143942862115
9,1,LZ_AEN,0.02927064256017221,0.027796824955950393,0.02699829009382785,0.026338630859900534,0.026029632587166156,0.026145072953103442,0.02710505073300293,0.02735068700037323,0.029088368298165978,0.03166017133780629,0.0343352631259168,0.03933304979559244,0.04584371283991981,0.054458341651404826,0.06645459200944355,0.08583815781479201,0.08987423075921572,0.062316098289225866,0.05012281813368515,0.04654503476230569,0.043343951532405764,0.0381769101908672,0.034172084262787415,0.031402383452968904
9,2,LZ_AEN,0.025330279617425767,0.023988429398599707,0.02284410214385875,0.022506190957366053,0.02289144235839154,0.024362253851289695,0.027464670324378413,0.027560983174634787,0.028560841153991184,0.030438941733990435,0.03388661528893039,0.03804602448305301,0.045035235811403104,0.0640619210006089,0.07946299872507905,0.1011554277188383,0.10217405854188874,0.06127374560674646,0.04627914075878201,0.04308612490960467,0.038778981597715916,0.033227117127852854,0.030003085276050587,0.02758138843951961
9,3,LZ_AEN,0.023518139040680026,0.022329899058894962,0.021331397996357013,0.02107287871888282,0.021514812284962558,0.022876979609390814,0.026157091175875332,0.026089101396478447,0.02658874721716252,0.028762048421372192,0.031072119763205834,0.03485424888686501,0.04067686197126088,0.06239880590973487,0.08443065674964582,0.11613919247115968,0.12543560893543818,0.06849337811171828,0.04045391874114552,0.03746553076300344,0.034304006021048376,0.03061358404169197,0.027827584244080147,0.02559340846994536
9,4,LZ_AEN,0.02223324465286859,0.02108866543415851,0.02042431347792758,0.019908764335422584,0.020319850896574527,0.021630518104342335,0.024336775337812446,0.02413536546872886,0.024801220483684296,0.02625467827028002,0.028168823555936327,0.03167320497211826,0.036473223008822955,0.05119418015661872,0.07671235965189159,0.12987329214952426,0.17126978401046128,0.06347567299454389,0.03812132690024199,0.03623273361290225,0.03271783078564879,0.028591934586884308,0.026140445807217687,0.024221791345387864
9,5,LZ_AEN,0.010892254040900077,0.01026793855577316,0.009833572177385577,0.009477115958931005,0.009860806259840038,0.010557516141364883,0.012067801144314093,0.012094345756326667,0.012303255300217837,0.012968249541415974,0.014103462623979714,0.016383541375293586,0.01948098733546219,0.04432088368047596,0.12696287925614413,0.21254925835388244,0.24274427162101742,0.10850713446776503,0.03162704337493024,0.017867971236672105,0.016183250211925976,0.014277898645776632,0.01281897919074786,0.011849583749457474
9,6,LZ_AEN,0.013540128318477064,0.012675271784240019,0.011900589864947119,0.011746883134928686,0.012072741402567764,0.013223287512332404,0.015061210118739473,0.01498989019601092,0.01529648388682102,0.016189622459381457,0.017564785337279704,0.019617077596485812,0.022928535388002925,0.043760101093941045,0.11370609059843564,0.20002041225374645,0.21880214500815873,0.10563874163784154,0.032714940417123174,0.020875013474956666,0.01939860909755295,0.017404930338060533,0.015914999768415195,0.014957509311553705
9,7,LZ_AEN,0.03078930202217873,0.02884945003036642,0.027500731043480213,0.02679533031918483,0.026763839215421643,0.0269257934633466,0.028900735542209323,0.029275029804080345,0.03131925231122208,0.034484558112333266,0.037792923499111494,0.042563375846323415,0.04725015183210743,0.05537575634883145,0.06607823289920597,0.08050385766021098,0.08074229030298939,0.058068695593494826,0.04729423937737589,0.04475425692241942,0.042888184087995135,0.03808983962030726,0.0345079515037002,0.0324862226421036
10,1,LZ_AEN,0.03224043160830974,0.029404839619618865,0.02770773181264595,0.025787174555571054,0.026158359179294183,0.02731900363705531,0.030088114797616673,0.03126445611757504,0.035012312803376494,0.037569054651857454,0.038854350662361425,0.042218095896747895,0.04481731160764493,0.051848582527176355,0.06386499221158633,0.07824793470844003,0.07633291752037592,0.055511491488145645,0.049567920784399915,0.04740267714601499,0.041766580272368264,0.038978078870269134,0.035597713428850285,0.03243987409269829
10,2,LZ_AEN,0.029197530167598254,0.026947493057611193,0.024821589939417407,0.026239148041504158,0.027928412013739808,0.03107603337207819,0.03550232165287449,0.0355500654958719,0.0358478134622012,0.0363955655518624,0.03855792760470876,0.041754160875917226,0.04357971181816367,0.051742172830975514,0.061226704259879285,0.07360364450455346,0.07364357571869674,0.05608859868348524,0.05044354030144595,0.0483245817422336,0.042919978714926726,0.03954752725956418,0.03598149622259395,0.03308040670809675
10,3,LZ_AEN,0.027808791098066558,0.02512403973822049,0.0236719662878437,0.023789789819071813,0.025107788216671784,0.029483510393660605,0.036522856952482176,0.035904486557553954,0.03541775348717024,0.03645947601844223,0.03904590567291863,0.04085063714090231,0.04339887571973926,0.051509197548620496,0.05998842891665733,0.07843471845051493,0.08415687918781396,0.053269237332345246,0.05167252534018498,0.05021638900942101,0.04281463352006332,0.03851610607043085,0.034962710883806494,0.03187329663739768
10,4,LZ_AEN,0.025523192205903027,0.023711730873841,0.0224755670462255,0.022515295426346643,0.023232698290457245,0.026517165716241575,0.032608595999046516,0.031224214753286763,0.03121963070942663,0.032063094779690854,0.03290426682802501,0.03483873333700057,0.03842039960638344,0.04886437953438339,0.06080504978271633,0.10211416102829272,0.1257418510980313,0.06949716094883596,0.04531632958664148,0.042348161187206246,0.03733092518229215,0.03298601561019736,0.02966181980429189,0.028079560665236446
10,5,LZ_AEN,0.026311285077138213,0.024178155852460442,0.022964645926385238,0.02227028894938945,0.023370764018744408,0.02683528237721992,0.03684048198062905,0.034520845242362874,0.031647337706167504,0.032388523409518824,0.033586692890753424,0.03584981220065947,0.03968007905980835,0.050573409680305124,0.06309121267023857,0.1022367983361269,0.11143460610582,0.06212072768611188,0.045439205009704844,0.04629665513711127,0.03806933235154486,0.03316119739438507,0.029804869541627504,0.027327791395786706
10,6,LZ_AEN,0.03165101489441166,0.028268900464299505,0.02679267149588082,0.026200723445824275,0.027566677382070744,0.03100288899777682,0.03772134331634474,0.03627632426269178,0.03665916588381798,0.03710962898693657,0.03881160967216066,0.040749745379112044,0.04300414155568942,0.04931374599082637,0.056454574489223745,0.07655271926785703,0.07307489443246332,0.05130181756140292,0.04852101415577702,0.04916081740847433,0.04284289032939985,0.038951013958114226,0.03710338700398343,0.03490828966546093
10,7,LZ_AEN,0.029307935031662565,0.025790739903680564,0.024388720336137662,0.023252182196607216,0.023418758778889544,0.0243279892905139,0.027999614791653474,0.02949446610036413,0.03257092735439081,0.03465660497838408,0.0365444729109171,0.03925220995937093,0.041835014571113015,0.04675249409390581,0.05820116378035142,0.0939934393118999,0.10385008801663682,0.07094253715221717,0.04976909188867479,0.04610787742392786,0.03912554234992708,0.035885974859082286,0.03263946667730906,0.029892688242382812
11,1,LZ_AEN,0.0327951076742251,0.030513030879606193,0.029441234486009046,0.029658852211961996,0.030870296344138577,0.03276135947073507,0.03701479684163365,0.038134306212578774,0.04165459295593532,0.044199672991545494,0.042686822490268304,0.04231908344534246,0.042845089927325,0.042985901397059254,0.04411472061724301,0.04665863692169835,0.04706477909473354,0.0709957465626291,0.05993564566713798,0.0493654755878297,0.04606164283927128,0.04340018968817824,0.038912842355159113,0.03561017333775551
11,2,LZ_AEN,0.026045520560579245,0.024138406250331288,0.02395182919718863,0.025106274713508826,0.027565699504934763,0.03346301851989272,0.05023587155866048,0.04608983261070063,0.0433219196234536,0.04273250575102566,0.04306537617538245,0.04283215485895413,0.04381910506620307,0.04740223256405637,0.04975670776308957,0.050372624057838905,0.05081892484973128,0.0693950027032471,0.05851416819497304,0.0476280332022347,0.043089758403918134,0.040766026014777766,0.0372592254932101,0.03262978236210791
11,3,LZ_AEN,0.023880089735052547,0.022391278447424737,0.02148709342844978,0.022929725705915442,0.025874099393854315,0.03310480880504423,0.0643208960944564,0.05821695453122302,0.047095201723770096,0.043907002862175054,0.042703577857349344,0.04120276002707937,0.04176983827187061,0.04352371707782918,0.045549128463541214,0.04582250820370116,0.04739167096901112,0.06961116349863264,0.061352509321233206,0.05002572170866033,0.04379802039819237,0.03877282051234689,0.03442829923629153,0.03084111372689549
11,4,LZ_AEN,0.029936803700566807,0.027751536473603056,0.026556199824816672,0.027014065339037645,0.029417406852418903,0.03487469324820292,0.06030885110141087,0.053382956544400284,0.04737460276094714,0.043892653158729124,0.04173091261826684,0.039882257982785704,0.039780007383760065,0.0411517941813075,0.040261399584482514,0.04156260632252553,0.04472875540208916,0.06786996619396124,0.05917685553166691,0.04794467247232899,0.04413968336699459,0.040899334737695546,0.0366482434613909,0.033713741756610995
11,5,LZ_AEN,0.03160377802680026,0.029431318448485306,0.028393585264565462,0.029005678340380252,0.02988426732458825,0.03549198158070683,0.05232736621057885,0.04653979075833624,0.04416392794251975,0.04625163617187574,0.045718644355089315,0.04445867430056595,0.04296705055888807,0.04343224129650731,0.04383245599992467,0.04370532897648621,0.04595688981382954,0.06368781369770135,0.05485578145452149,0.04685619579444973,0.042197696646671626,0.040243707212339795,0.03597035586149746,0.03302383396269057
11,6,LZ_AEN,0.030906147033040107,0.028666379492760186,0.027856813578791446,0.02889781898975242,0.03044515734107191,0.03565301834890117,0.059010459175962024,0.05348141682536802,0.04588453341797405,0.045291292584867436,0.043401990568604325,0.04333492034702699,0.042688779057465,0.04328957709863667,0.043661769595840505,0.04447416946283364,0.046242556150055916,0.062124973549771756,0.05212300867567485,0.04534324839031467,0.04067572775913666,0.03854365043378374,0.03528932771077052,0.03271326441159577
11,7,LZ_AEN,0.0330852587998078,0.029940080346309714,0.028358166383999198,0.028803559635523515,0.030136448306957137,0.03271665748820147,0.040911454505163716,0.04431991960980919,0.050404035306739925,0.054566158450294784,0.048123314691175735,0.04534344646614463,0.04328322842091637,0.0429497319961297,0.04357832887574407,0.045241422888825024,0.046425115791275125,0.061355662966757873,0.052542142319599285,0.04698679398038954,0.04159709682586002,0.039335025681418764,0.036430096297092665,0.033566853965864896
12,1,LZ_AEN,0.03251799224949252,0.029925262963646424,0.02927385126407086,0.02990957741280678,0.03133419450083041,0.03335301716183797,0.03913729470381989,0.04038844805314632,0.04609245248200774,0.047979331980070115,0.04517807713600294,0.04277357446023251,0.04044473150027679,0.038856800147628705,0.03822015131943162,0.037935043365934666,0.04102971027864919,0.06946207787414652,0.061305591437534585,0.05253090976194869,0.04942332533677799,0.04517807713600294,0.04007104631850894,0.03767946115519468
12,2,LZ_AEN,0.031520101034395474,0.029400504631493803,0.028825790434701935,0.029704076237009255,0.03240649409026256,0.03811940543204005,0.06757305761464784,0.061714215708794665,0.050410902634587175,0.04804358459513728,0.04338101299232424,0.040713726571163227,0.03853647858739214,0.03742938807350937,0.03674747796853846,0.03631328950011576,0.038143727192719336,0.06281049655126443,0.05368262984892584,0.045415933635823975,0.041849642875480694,0.03918415806622185,0.03560795844041664,0.03246594728303413
