Month,DayOfWeek,SettlementPoint,X1,X2,X3,X4,X5,X6,X7,X8,X9,X10,X11,X12,X13,X14,X15,X16,X17,X18,X19,X20,X21,X22,X23,X24
1,1,LZ_RAYBN,0.03622344538488517,0.033280361995094175,0.03183691904543359,0.03236871381636117,0.03376012205262375,0.03681351903481851,0.043982861846795236,0.04889285740303072,0.051985800767407955,0.04966505254985707,0.04545128145888686,0.042612267495891865,0.03990229962212392,0.03833813613737998,0.03688324555077183,0.036619949900977944,0.03767625458295739,0.05228968349365229,0.06220125570170373,0.048433911230860334,0.04447198815273646,0.04172455528532195,0.038231985322048044,0.03635353216838017
1,2,LZ_RAYBN,0.0321506197441917,0.030957402818111535,0.030799379640748026,0.031567731856431684,0.03423141595390644,0.03885099171371877,0.06390192343540496,0.05820741157089232,0.048834839284751144,0.04763405238610266,0.043516933555512026,0.04086176567717663,0.0380457358817646,0.036828862791408457,0.03616743643825221,0.03563280712561518,0.037355922131477176,0.0541319275894274,0.05761979245027711,0.04629227474836938,0.04338445903556657,0.04060060162356987,0.0378394541292781,0.03458625841804606
1,3,LZ_RAYBN,0.02686851547054722,0.025466949791953845,0.02631696236704625,0.027010184233062617,0.030598860919478017,0.03776984715691486,0.06720352229929992,0.06326863262583846,0.04992868808358774,0.0465517186490212,0.04202388949199809,0.039081477048068684,0.03734324908552017,0.03566471301728995,0.03409919360230235,0.034612543893439617,0.03706389102011059,0.06020524460942398,0.06774074934816449,0.05149102393087837,0.04595639148968682,0.04193634138033127,0.03739339027674753,0.03440402020928773
1,4,LZ_RAYBN,0.024016791237321714,0.023179964910491915,0.023258300807357114,0.024290345162882716,0.028892889960446595,0.044508467115709584,0.1457768869314586,0.14620959950461873,0.06621248425510645,0.03953413766476962,0.03487004323395451,0.03143818489509829,0.029550041095260184,0.028126938968875786,0.026637313501502686,0.026252472865315728,0.02711105916349697,0.038483441905228497,0.04199114928708117,0.03440686670090236,0.032489502368106604,0.029906282911956673,0.02754004145585399,0.02531679409720366
1,5,LZ_RAYBN,0.030775744820525225,0.029318704817749907,0.02940498862743807,0.03062007815356205,0.03405452958867529,0.043577771511576706,0.08327010301575256,0.07418272776034804,0.05175427438429385,0.04583093532539225,0.04215809150887255,0.0387867962643558,0.03709225340398524,0.03556672006774613,0.034108790541159596,0.034186179112735575,0.03625521149762897,0.049818670571083176,0.052491689623793684,0.042706038176582924,0.03961761150403354,0.03660835245068257,0.035005430542867484,0.03280830672915867
1,6,LZ_RAYBN,0.03403417351506476,0.031851838949856506,0.03172786595342918,0.03279034526991789,0.035545414587216016,0.04136292428733456,0.06755093906983367,0.06004596221999776,0.048878146839354555,0.044893593259967265,0.04268769357973563,0.039797380993607696,0.03753512995136365,0.036094584224282515,0.034812846881054564,0.03447678784941686,0.036199090386560086,0.05369157772543361,0.05526736672134455,0.04580033790325803,0.04197356813750551,0.04069387993471438,0.03703718882521754,0.03525136293453303
1,7,LZ_RAYBN,0.0371506041540527,0.03443599126016795,0.03316081817463869,0.03299444546818648,0.034943533314028476,0.03727485718798536,0.04453102377129017,0.04927475188880406,0.057457551267538876,0.05477136915260483,0.04754995129912864,0.04371706109984994,0.039309237370679435,0.03676520915049885,0.0358322584041909,0.035057256429831256,0.036183957669729115,0.048525021717956134,0.055454760839234465,0.04658119883117908,0.04283465396056545,0.04070761049832836,0.03883960302208649,0.03664727406744412
2,1,LZ_RAYBN,0.03333550940130813,0.030576995998349885,0.028039330345175306,0.0286907617580592,0.02977138785448494,0.032081260860083914,0.0387983660044475,0.04188606756274367,0.04869206739884408,0.05139918855814198,0.04764338783226126,0.04583076950856513,0.044302891994338504,0.04359034548088555,0.04256111162812016,0.04202218755946568,0.04223192347278224,0.048517055974487217,0.07118520236737674,0.0493740563620125,0.0442237201595104,0.04081377534366826,0.03897198844924598,0.03546064812564153
2,2,LZ_RAYBN,0.030105975151785022,0.027649914914605542,0.026766893771294997,0.02821000261121966,0.03125894847319336,0.0388579761407687,0.06296697627069894,0.05613113116269916,0.047659174022022535,0.04723280095568115,0.04447272915344762,0.043308402703053854,0.041205550923198594,0.04090532373447301,0.039389050285531184,0.040169893267972934,0.039838129609843405,0.0475342896031829,0.06749309035955357,0.047251722837323526,0.042900951518354845,0.04027837872272252,0.03614710123080532,0.03226559257656739
2,3,LZ_RAYBN,0.029471409289358652,0.027207321079637584,0.026134649917339665,0.026639979628483704,0.030363322826521492,0.037056632551413664,0.05461519076526445,0.047774108383327546,0.045075937993537575,0.044272424170856854,0.043102117503011524,0.04227881269947659,0.04140009314954988,0.04198458678411074,0.041491131661479226,0.042334227445868365,0.04286726453020828,0.05010284713050568,0.0766095674879044,0.04869900688858073,0.044647133408363134,0.04162043273639336,0.03819791244733949,0.03605388952146727
2,4,LZ_RAYBN,0.030900698226852322,0.02833655870726489,0.027249059575298835,0.028225188314232222,0.031680290978081,0.03793930706651695,0.05901189566821581,0.0499122794374878,0.04437389530396912,0.04403585340511701,0.04311999570241307,0.0428120893216757,0.04188837017946356,0.04127517789782487,0.04088996736192364,0.04169052395184082,0.04076156384995657,0.046457176773639024,0.06949512525238496,0.0495532736999472,0.046503035170770125,0.04184120154241443,0.03690945849094428,0.03513801412176584
2,5,LZ_RAYBN,0.028435537694667678,0.027355337597436972,0.02689837868438991,0.028143591722443163,0.030490583473065453,0.03934670107398039,0.06953772259293721,0.05713763475527947,0.04743233517428541,0.04539379068996989,0.043451715309519856,0.04191963362049817,0.0405373329085308,0.03945967147192814,0.038223343746073016,0.03805325348399439,0.039611991109610487,0.04642067891401176,0.06628823698904697,0.046862405863290595,0.0440559165389932,0.04174827402810552,0.03824492236141135,0.03495101019653042
2,6,LZ_RAYBN,0.03273949191801826,0.030789577367941592,0.029696671593735176,0.031029238680081003,0.033542545529375446,0.03808732706115001,0.06791574963799848,0.05524757891883888,0.050173283912075664,0.047687582030671624,0.044352400001003815,0.0425442746041824,0.03991552879825536,0.03953156879032521,0.03848885386682861,0.03809485568875649,0.038574178313035314,0.04651311612406174,0.0603933958878636,0.04268229944363442,0.04101972751387149,0.0385653949141611,0.03744864848586751,0.03496671091826671
2,7,LZ_RAYBN,0.035545186303437865,0.032472084421499334,0.03156522335826529,0.03193388794480257,0.033870049769719184,0.03726606953767578,0.04134156235746203,0.04466896207463978,0.05071559949032794,0.05508440938991393,0.05125245047583297,0.04472278172230946,0.04208561898649531,0.04263054291915078,0.040781838021697395,0.040092946531525536,0.039975888797843986,0.046400609238411626,0.062029834921685685,0.044039272196904566,0.04148418442378667,0.03821194984547034,0.03698217089621823,0.03484687637492381
3,1,LZ_RAYBN,0.034794977770041376,0.03163210516707365,0.029706603363004177,0.028195522435002937,0.028722667868830893,0.029622644795387596,0.03410338098292521,0.03670419039896955,0.04109932177246673,0.04494252737122952,0.04591121342484499,0.04458208604895399,0.04260303791383494,0.04194973801721055,0.04203083731472254,0.04520497370901138,0.05093824349145645,0.04926331772200737,0.05421825952416373,0.06414616519459022,0.057029701837912825,0.04603736788764142,0.04042912618886067,0.036131989799857156
3,2,LZ_RAYBN,0.026246413108504105,0.023938635004005154,0.022644819159830874,0.02301491538484938,0.025650203299433197,0.031955020634132,0.05447309451142229,0.05096884093974023,0.04348985530758545,0.043316467761069934,0.04348478549628383,0.04291493870598137,0.040346572300578976,0.041506545126390404,0.04361153077882442,0.04771605000861868,0.05361224055240665,0.05462924469951229,0.06736866653823145,0.06163470995609544,0.05139977490037821,0.04071464060107683,0.03416038855033816,0.031201646674710773
3,3,LZ_RAYBN,0.025542719877403895,0.02301100587160034,0.02169201643190519,0.022081654301723264,0.02486784471532666,0.032157242184171944,0.10174209142321294,0.09176251478619787,0.05310820094501166,0.04127831050036774,0.037478875195634566,0.037518957560233074,0.036433005124017634,0.038706514129965675,0.03943358958082237,0.04256281046354789,0.045912950425572176,0.04357232676262199,0.05223477825596971,0.04917733277031594,0.04179472050007877,0.035977184745211326,0.03275847765314959,0.029194875795937884
3,4,LZ_RAYBN,0.03122215042046265,0.02841976998095141,0.026945722093401413,0.026962616625063877,0.029455615953506244,0.03525783167133377,0.05805489033337133,0.05069943361082601,0.04217825420357065,0.04236303814362885,0.04226483867834078,0.041767505902526994,0.041823469038658904,0.04346435042637573,0.04449808458247276,0.04705760612933608,0.0492760693182634,0.04747891351266877,0.05702115617727431,0.05213758061859326,0.048055439405650366,0.04100197243657158,0.03856704806071894,0.0340266426764317
3,5,LZ_RAYBN,0.03152028136974016,0.028725158205568868,0.026279550263784122,0.026122767721170725,0.02848049754989828,0.03290136580562759,0.047834653335823193,0.04703775862878186,0.04213156352139581,0.04253100948983758,0.04196279759972916,0.04256296516731292,0.04210559953344709,0.04332990142672112,0.04401794710736207,0.04651448441012314,0.05253912822914615,0.0509483346598268,0.05856477066309027,0.056238996511838064,0.05187704653645392,0.04136962033659313,0.03869732680771768,0.03570647511900992
3,6,LZ_RAYBN,0.034252012589431766,0.030243830258627244,0.028837117228085477,0.028705144150593286,0.03060675622173077,0.035133832698129586,0.05041571519410041,0.046231568759972974,0.04344913637617927,0.046115592419146506,0.044568907942779686,0.0429882304009982,0.04318519022119489,0.0440920052309329,0.0449708259515059,0.04623256855601458,0.049333935877081084,0.04634454571267462,0.05169645392339964,0.049732854497682485,0.046284557950178176,0.041577518186290005,0.03913901564080929,0.03586268401246146
3,7,LZ_RAYBN,0.033632629899203736,0.03014128380920951,0.028212491171019618,0.02788649804907203,0.0295516789651932,0.03208718102478555,0.034149791827231706,0.03735036010166157,0.043297722273983145,0.04848242152520511,0.048266098928851,0.048490470738092706,0.047179455189025714,0.04720259667607755,0.047592983501125896,0.05298796843903628,0.05486544734506776,0.05122619696826398,0.04910019861432801,0.05008220258661457,0.04634434935193776,0.039454223120156645,0.037679371678442,0.03473637821641517
4,1,LZ_RAYBN,0.0348015631918206,0.03225703672533946,0.029657576613208905,0.028322689023927997,0.028311702294798114,0.029877311195806583,0.03182965296218697,0.034341219241278455,0.03927975398516132,0.04172430121656052,0.041962713238679,0.043218496378224745,0.041941838453332214,0.04465775789423955,0.046719966951918775,0.049209559772750495,0.05201117570087092,0.050047847205360645,0.04916561285623096,0.05642015010069337,0.06870111592207773,0.047779087640039596,0.041155188647632526,0.03660668278786054
4,2,LZ_RAYBN,0.027283198092699874,0.02446950082826871,0.02298389731078915,0.02235654305431134,0.02547452055726241,0.031441992999764634,0.04494219122939061,0.04203363012589148,0.040140828053922044,0.04081024457866585,0.03942576949340026,0.04098117847736379,0.04301717124981319,0.04705962371273798,0.052425695213224384,0.0624508341305774,0.07475270518556174,0.06340573711440312,0.048848612526859445,0.04761448767709781,0.050344955346875,0.04107156760704177,0.03565269453575338,0.031012420898324757
4,3,LZ_RAYBN,0.030286011274456504,0.026130164009325222,0.024726592933463548,0.024167957679389254,0.027740230616603637,0.032949504360846454,0.04265678946334106,0.040875142028025536,0.039270063235515636,0.03988755470385848,0.040575873141914305,0.04176796087159071,0.04311167817023013,0.04694132234950017,0.05150218017383533,0.06316867891740478,0.0697186772714259,0.06117355300999658,0.04777129472698199,0.04501004047112904,0.04831696166265813,0.040673634311377306,0.038438095732126414,0.03314003888500394
4,4,LZ_RAYBN,0.030184911010290156,0.027675458595118205,0.02517467066821616,0.025256983306780282,0.027044034012448696,0.032229730241988316,0.040881221779490926,0.039598877515544625,0.0388093260219493,0.040263876990260024,0.03944399978772003,0.04084114852124261,0.04156463329177988,0.04395603205427435,0.04622937716409131,0.054449810410166034,0.06649128298326994,0.06040339691262621,0.049889040397093486,0.051031669787687535,0.061344576950944904,0.04288488469190703,0.040230302098214134,0.03412075480689563
4,5,LZ_RAYBN,0.02996028563128937,0.02683212875086171,0.024226415257948296,0.024072500401045756,0.026007275186757255,0.031929745455176094,0.03953118835276418,0.03815029027041324,0.038399588982297624,0.038596860136919195,0.04020429487485205,0.04114187481302597,0.042378613205461164,0.04672183032946451,0.05137070935238699,0.06175237484120757,0.07528495926675831,0.062021183887065526,0.048708632672438835,0.047432873612056524,0.052476294944222124,0.04131313218901612,0.038358400499464554,0.03312854708710714
4,6,LZ_RAYBN,0.030835025523568715,0.02827509168135156,0.026397085247420585,0.02563722327818742,0.027414564237561865,0.0330074514099661,0.04108558513701329,0.038890428337006365,0.03933530478907877,0.04219615263050792,0.04166576464628534,0.04273736485930647,0.043802470525582025,0.04689495720093695,0.05208626489957266,0.05958097184397501,0.067433961283842,0.05621896147867841,0.04670120322302707,0.04548780540606071,0.04944514922303573,0.041795655581196994,0.038773526495585874,0.034302031061252236
4,7,LZ_RAYBN,0.03407881771246414,0.03062122969964321,0.027809276604856138,0.02666111704672824,0.02738213066077621,0.029707945788515787,0.03473974685867478,0.035356978210094626,0.03904288720069742,0.04340611201055739,0.044723600523499586,0.04681017022475961,0.045759238260041205,0.04735966999425374,0.04965708155537931,0.053550555071238334,0.05881504689865826,0.052683153844641235,0.04662663948663831,0.04751370472089126,0.054610226594914886,0.04571444802038065,0.04070777318222636,0.03666244982946936
5,1,LZ_RAYBN,0.03140286903393344,0.028599886618572466,0.025690674850884495,0.023561880701282012,0.023660747623249715,0.024430647483679072,0.027577560574395782,0.028633543443072115,0.031683693163352344,0.03459290493104032,0.036843705069454016,0.03929013550027188,0.044123045143267633,0.052112333858870624,0.05985129994225752,0.07522931341129796,0.08069959916825573,0.06729156170821006,0.054972112165574745,0.047794794341025675,0.0480167190275702,0.04237604559658299,0.03776085353706931,0.03380407310682992
5,2,LZ_RAYBN,0.029521361484170346,0.02619451878348798,0.022960219535734044,0.021961127972486262,0.024215222075957395,0.027348478982248653,0.03185855583108742,0.0312626893127421,0.03277454715088926,0.03424013326257221,0.037111813266198404,0.04033289202067685,0.045289632678037546,0.05475456154234051,0.061996558894464565,0.07892067892898894,0.0827583992626742,0.06796372296645203,0.05123507736821528,0.04546338773251542,0.04650686238033092,0.039714361799573536,0.034690574354887135,0.03092462241326884
5,3,LZ_RAYBN,0.02614181683949126,0.024539209451291132,0.022516715653414468,0.02197651091581892,0.023454707515966736,0.026833442602018896,0.031791867299524705,0.03119436812006296,0.032682386624530706,0.034672959233367634,0.03641880272623325,0.03956017512455403,0.04561865310589078,0.05433395620576562,0.06588697116207043,0.0797505891096362,0.09087553273599787,0.06741427728381785,0.05000413338473463,0.04531662954805327,0.04570868722882337,0.03861154286565518,0.03444705543400949,0.03024900982927075
5,4,LZ_RAYBN,0.02467515108025017,0.022701786229360574,0.02117515459783457,0.02015505512054762,0.021946209099287337,0.023985001020099476,0.0283200720401286,0.028288413780488658,0.029110825014246215,0.03094278297207741,0.032205595773270576,0.03687483731172129,0.04213010841195134,0.05193291263023856,0.06852676529973337,0.09308020795958999,0.11370028773840427,0.08711086722525906,0.04917231238963578,0.041866289581618504,0.04027845198145529,0.0341888098604926,0.030427105098386833,0.02720499778392182
5,5,LZ_RAYBN,0.02544662612918216,0.023014693716637127,0.021179661381910762,0.02073475707987616,0.02185730921561472,0.02532233791669207,0.029296394137712928,0.02805588694680861,0.030379364040174387,0.03145045927265272,0.03466216168075663,0.03838051667480742,0.044033651231442865,0.052313462788346685,0.06690347397428581,0.08811242620882162,0.10286868277452456,0.07350024897224733,0.05350251307599077,0.044861711551599806,0.04453080408140324,0.03737354466023799,0.03338365554590629,0.02883565694236748
5,6,LZ_RAYBN,0.026593481739003343,0.0244958966154146,0.02285767480383534,0.022722823831559828,0.023849481954764898,0.026790103156643763,0.03050502994126588,0.03001608641598307,0.031211475034735005,0.03345783123096318,0.03649154310402578,0.03942259423690445,0.04436596987864283,0.05352104588674085,0.06368880919631431,0.08602274022395702,0.09252690711900034,0.07101513201910187,0.05190457423198022,0.0439614169618163,0.04260942721397022,0.03739286960258984,0.03441744814980117,0.030159637450986026
5,7,LZ_RAYBN,0.030013579551228173,0.02730074856891238,0.02512678866707929,0.023900215445790084,0.024526332320255705,0.025478851106327992,0.028678205692736738,0.02962559237328062,0.031734887745455784,0.034403582620227274,0.03655188199441833,0.039976022802971294,0.044693454204682743,0.050943332317176446,0.05854808628916952,0.08008650677078684,0.09385902516681911,0.06859366965047282,0.049554584561189594,0.04461955188507369,0.04481867757957587,0.03982205963711909,0.03543513583143703,0.03170922721781375
6,1,LZ_RAYBN,0.030497662594852953,0.02894859612876199,0.02736620616770287,0.02639125591492036,0.025922822785653762,0.025981852976740202,0.0255219887461797,0.02673020346373928,0.029461777951271535,0.032176214641391594,0.035032514210090356,0.0398606125810475,0.046748102941036464,0.05540078643448125,0.06447525016423723,0.07785796574344718,0.08371718825870458,0.06457807694871039,0.053579419409507674,0.046863307023640645,0.044816292332739864,0.038691433957593474,0.03644352619702755,0.0329369424265217
6,2,LZ_RAYBN,0.02936203522504892,0.027586105675146768,0.026245596868884537,0.0259491193737769,0.02633953033268101,0.028180039138943243,0.029670254403131112,0.030395303326810168,0.03238062622309197,0.03438551859099804,0.037834637964774945,0.043104696673189814,0.048880626223091965,0.05675929549902152,0.0617651663405088,0.0776917808219178,0.08257827788649705,0.057718199608610556,0.04997064579256359,0.04462818003913894,0.04271722113502935,0.038192759295499014,0.03543052837573385,0.032233855185909974
6,3,LZ_RAYBN,0.029593819584310347,0.027594516534856388,0.026438838652011017,0.025933844824157802,0.026372884292427855,0.02806997855991117,0.02929850155632601,0.030407912948120498,0.03205086557714003,0.03457091274927303,0.03833031124551363,0.042637032486951866,0.048553236980904746,0.05821013649599254,0.06468744524311565,0.0780938993201779,0.08063757193454965,0.0582751064621491,0.049742384240255004,0.0440624341686896,0.04105412785695583,0.03780661394255474,0.03551888361910275,0.03205874072455294
6,4,LZ_RAYBN,0.02841086108417845,0.02643954397783302,0.025310057393358173,0.024731988181287648,0.025254915656117743,0.02730067410773776,0.02884464275046985,0.02977561908087914,0.03205297282890897,0.03399120489291015,0.03810202140418433,0.042336906824249496,0.047427408200495354,0.05781243538077666,0.06298289227602115,0.08063651945354537,0.08769190473345861,0.06044085818923725,0.05055670178888985,0.044293519467330816,0.041400416320116165,0.03748902909186154,0.03488082492038911,0.03183608199576327
6,5,LZ_RAYBN,0.028854450665752696,0.026119447970362763,0.024875090635715896,0.02399585960549136,0.024739029418501913,0.026767891619490163,0.028639163929654626,0.029875770941801962,0.03139655644559876,0.03313262868549363,0.036496268650289945,0.041304052040832144,0.04687222818327273,0.05574634744523536,0.06673372130873667,0.08496334097457721,0.08739694223942984,0.06148158609488805,0.05079216907414647,0.04461171745424295,0.04142805720082463,0.03750208828134015,0.0352045482337015,0.03107104290061847
6,6,LZ_RAYBN,0.027505639328795288,0.025448405539996877,0.024123703120483966,0.023443495420433138,0.023676045061476154,0.025107055888323015,0.026692546119577023,0.02763603323466584,0.029522176930411176,0.03180282448149735,0.03632425393091947,0.04106162233273867,0.047731644358511814,0.05646554444854174,0.07060124048622807,0.09372082747806558,0.0919401616552219,0.06364219247801574,0.05152801724853908,0.0433746607266844,0.03874775340436063,0.035054366783938126,0.03377866589593071,0.03107112364664414
6,7,LZ_RAYBN,0.03035635647286394,0.027769695064062867,0.026353893151253683,0.02527770997949259,0.024825174521471986,0.025153501590822826,0.025165661852650633,0.026885470311155044,0.029630215123717638,0.03270502418589218,0.0363444168329293,0.04057705653913737,0.047655197513052736,0.05544905675454772,0.06559505806959318,0.08206700130549097,0.08741925368998803,0.06673812268140722,0.05291972229436346,0.04430330819923026,0.04071516236989606,0.03750832760787672,0.0359492083235255,0.032636405565578126
7,1,LZ_RAYBN,0.019953081078821697,0.018330773169482846,0.01746188490757286,0.016414830140965755,0.016019833432604994,0.015918994325840936,0.01629256925504457,0.01714212566747129,0.019072698203705447,0.021130756450045456,0.02411204112981598,0.02798886067483829,0.033859995611147685,0.042722864875596935,0.06692529546380764,0.14126827382258586,0.17186118687106178,0.12227290301681348,0.05376709823714432,0.03449899160893236,0.030351003688725876,0.027492502377295003,0.02385132240300114,0.021290113587677774
7,2,LZ_RAYBN,0.01745563865246488,0.016336089663904565,0.015600619525434288,0.014917064926150143,0.015084348330194366,0.01595153011437762,0.016728821103858958,0.017500824399534296,0.01903906259764207,0.020704205447093737,0.02395757923609168,0.028132453845643564,0.03388402260825592,0.04587747355912747,0.08685517775784476,0.1618279461347439,0.17792464747906792,0.10948410375032086,0.040923385162346615,0.03003794641354957,0.027309496409655902,0.02427195666782996,0.02103204246306546,0.019163563751801418
7,3,LZ_RAYBN,0.01981451324162942,0.01870863795433284,0.01772172366399871,0.017153482785304274,0.017197371308455472,0.017999491817100356,0.019153297991522586,0.019549449661018906,0.021302680664795633,0.023028770081886744,0.02599355531686359,0.03069309217744823,0.03733700610974441,0.05078710601388263,0.07844496032708499,0.12713176951595578,0.17360278576625898,0.10084485407066052,0.04501172285552591,0.03448482958548445,0.030796461199080652,0.027317140778212814,0.023978148135315246,0.021947148978436873
7,4,LZ_RAYBN,0.016325153078443667,0.015337533844736718,0.014462582375615044,0.013834789471146651,0.013985520669713437,0.015010188312495723,0.015991717396765626,0.016395697309422735,0.01763859530703235,0.018782528376290037,0.021895102251071493,0.026060256953555006,0.031543421496704985,0.04494378030800932,0.07827669071429842,0.1655647725456064,0.18532832249371323,0.13661930729625282,0.03996559065568073,0.027925872731102145,0.02484527214086516,0.02202654797642098,0.019448384714739943,0.017792371580317656
7,5,LZ_RAYBN,0.017554590141894272,0.016492878743903098,0.015686785905319585,0.015199783503197546,0.015206707707967053,0.015972986369125898,0.016922756456676697,0.017361289425412183,0.018420692755146854,0.020241181592463242,0.023577494257237677,0.027824339849202368,0.033987459111128306,0.044380113453095164,0.07241852663308813,0.1402711172377501,0.2094318055267849,0.11285530546994871,0.04062546341682964,0.03147743488218178,0.02792070169891135,0.025348359627039258,0.02146561180253784,0.019356614433158635
7,6,LZ_RAYBN,0.020271497779572063,0.019196608800968917,0.018375933589018976,0.017800010092854257,0.017679526645135245,0.018616269681065806,0.019391527048849413,0.020087933992733144,0.021669358094469116,0.024098581953976586,0.028299732539362132,0.03401859608397255,0.039882544408558734,0.05339056822769479,0.07549139584174405,0.13289513524424706,0.1678391199031086,0.08480646951958014,0.04260824586192975,0.03564102240613645,0.0315073677836092,0.028085890189745662,0.02539740613645539,0.022949258175211953
7,7,LZ_RAYBN,0.019573888781268832,0.017918204711903484,0.017082335766735842,0.016160846443061917,0.0157562901546197,0.015947865751527523,0.016383459427178265,0.01726641958052436,0.019051604472380475,0.020971106333018324,0.02426856116024175,0.029202970599032277,0.03637046653473994,0.04611674124558387,0.08000528705837276,0.15167168437759873,0.17162444333375787,0.10895353703134884,0.04583098323231913,0.032266039640094744,0.02849125120269876,0.025591396008163906,0.02281301472563485,0.020681602428193935
8,1,LZ_RAYBN,0.02396908570691607,0.022212881273893054,0.021029871397432405,0.020455084633768484,0.020232175639549786,0.020235360053752913,0.020869058480174632,0.02131885698636593,0.023414997635572456,0.02496421514539239,0.027715549016891723,0.03163397069383609,0.037382634434026105,0.053137523703983225,0.07495951813444278,0.1209655462305293,0.15239173389761154,0.07839788937026618,0.04528873879683278,0.03860306117737346,0.03648303742164351,0.03159416551629703,0.027558716617387857,0.025186328036060305
8,2,LZ_RAYBN,0.011338021623066153,0.010567895962958445,0.010070455060390051,0.009774895283243577,0.009998925237174014,0.010484747082164165,0.011343831151855274,0.011603444469619069,0.012346337963527777,0.013410934114134004,0.015175215388279858,0.017222711190895308,0.0206274581568689,0.04285362601739373,0.11868867316171985,0.24607602639849885,0.2179524606259186,0.1050914710307847,0.02646639768548373,0.01897936745850544,0.018225944193666452,0.015526691880021612,0.013716660566661439,0.012457808297169018
8,3,LZ_RAYBN,0.011376265286176565,0.010719058982797978,0.010241090762159007,0.009911278875807695,0.01002386387575589,0.010720095041079711,0.011544797433338283,0.011849743920928031,0.012563933429801872,0.013496040530599981,0.015136811496102695,0.017768744884462236,0.024433707810843388,0.06647004582831133,0.1327111227763599,0.2156614023394196,0.21032535683573989,0.09673607105978402,0.02812621952693579,0.01962605203084691,0.01810097424013759,0.01597878152639013,0.013859351634727294,0.012619189871494239
8,4,LZ_RAYBN,0.011830652061520598,0.011132241474704535,0.010769430780254632,0.010544353775364413,0.010654540727012161,0.011161467891757443,0.012024487034388742,0.012345305750314351,0.01333262114937756,0.01429306168218522,0.01606243568928489,0.01907174883824992,0.02577131705992994,0.055650457427020454,0.1453879874050939,0.22659644264114093,0.19701628516114336,0.08536297362332658,0.026944069036156437,0.020783677818728353,0.01913188135149671,0.016752447880396093,0.014325311521691877,0.013054802219460829
8,5,LZ_RAYBN,0.016547599570127792,0.01577915291516034,0.015325526118838773,0.014998781265547212,0.015052205241559848,0.01570855694685793,0.01680279445554529,0.017226370265359753,0.018414576731855047,0.01994479204478837,0.022634593837067365,0.02680977296241194,0.03361894490509374,0.055761751962973366,0.10451208407407424,0.1830901667925151,0.1861529824173109,0.0715108538916266,0.034664051435840906,0.028313276287338946,0.02613195626675164,0.023060077646025138,0.01985130008676626,0.018087831878563488
8,6,LZ_RAYBN,0.011938232654262415,0.011213513606737726,0.010830421614020876,0.010613556319293234,0.010653920418142709,0.011035177679093672,0.012005383836893816,0.012489386076734355,0.013416659511212783,0.014456218529763388,0.01671000303097688,0.019779509275302972,0.025077847668826515,0.06374188406403361,0.14370866808014404,0.20179040464642153,0.20152620327213402,0.09675054326407588,0.0280563512175647,0.020632292600086456,0.01864711282939857,0.016579003182892668,0.014914901471234712,0.013432805150752573
8,7,LZ_RAYBN,0.02331379885917907,0.021583001925735555,0.020524456554846915,0.019875855633618596,0.019620715381732105,0.019970458198924828,0.02074519587389478,0.02149699959363898,0.023666408420775012,0.025642312000693755,0.0283105343539899,0.033978088039153996,0.042092408072465566,0.05845148500943517,0.07984743186286068,0.12827964518304522,0.15106309632762877,0.07203985348069356,0.04144380715123725,0.03537562593572329,0.03294534336789433,0.029032237257500298,0.026498035205054647,0.024203206310277784
9,1,LZ_RAYBN,0.02891362313513934,0.027676714487910987,0.026869189842506195,0.026314347963606616,0.02604134455503979,0.02613322919740532,0.027288855276387237,0.02761575256172616,0.029183092518999806,0.031606549961390784,0.0343136128864677,0.039118119474773255,0.04566666725567079,0.053422084473792555,0.0655985665995791,0.08575841053704808,0.09047279949534129,0.0630090099959889,0.05087140214197238,0.04684879851995046,0.043482639987136154,0.03840778050879354,0.03396904547759694,0.031418363145776756
9,2,LZ_RAYBN,0.024949747599594074,0.023625946501522204,0.02247453227862923,0.022129758528271443,0.022570483463870313,0.024125217923030885,0.026932196664151333,0.026998061460799874,0.028103126382347583,0.030052236475761752,0.033629264135723765,0.03787307121854752,0.04521089745257734,0.06468736176524159,0.07931829122323122,0.10147732299445758,0.10408833363690768,0.06273499908927688,0.04758284327756238,0.04341140615648825,0.03879680466290234,0.03291694855715438,0.029407411985116177,0.02690373656683406
9,3,LZ_RAYBN,0.022910603568265214,0.02174016196381121,0.020793527774262938,0.02048826395039858,0.02099677337719853,0.022376787295963554,0.025540933822599008,0.025460268252562316,0.026045489054789317,0.028062128305706688,0.030383240541566492,0.03424332531949892,0.04022602176388713,0.062413007718587876,0.08509189548272807,0.11862346577249146,0.1279956978362647,0.07085995824370492,0.041380646589902564,0.0378147538909275,0.03441493736555738,0.03010091104643806,0.027049854485638365,0.02498734657724914
9,4,LZ_RAYBN,0.021525182177525616,0.020392828225789587,0.01968697434426548,0.019173829776427318,0.019637676612857445,0.02095377665438705,0.02350978933436112,0.02354489529460623,0.024265687882617622,0.02563631420282581,0.027815124543995984,0.03158117244943995,0.03692698856591406,0.0513353709728982,0.0774049076638552,0.13157564512803965,0.17306267384919677,0.06536431023510536,0.03932689176309602,0.036601324764491294,0.0328151096052895,0.028599406634578325,0.025635567267501443,0.023628552050935014
9,5,LZ_RAYBN,0.010734787286544896,0.010057732505601682,0.009598387919237379,0.00922141092611251,0.009603856307170288,0.01028022753962189,0.011728325019105182,0.011822312936702044,0.012140846533793954,0.012776888405240357,0.01405136456785381,0.016329289916155943,0.019689614300928124,0.04494536396906534,0.12736524866810578,0.21303574821901444,0.24294441246956497,0.10939339172660248,0.032370805917342586,0.01798313549161491,0.01614404827492867,0.013963186812435661,0.01241870899563486,0.011400905291622293
9,6,LZ_RAYBN,0.013301902191386472,0.012408266296901458,0.01164488360474913,0.011549666865069223,0.011909511946197182,0.0131559856292796,0.014855460164778544,0.01475570929463769,0.015168315166583951,0.016077202227164883,0.017411060970040113,0.019413497859066035,0.0225783209208077,0.0434604648555426,0.11353792429156272,0.2007280164745569,0.2206175980320225,0.1068628598656908,0.033268563966688154,0.020870190318065127,0.019137740288304745,0.017062345118225387,0.015590401493130379,0.01463411215954863
9,7,LZ_RAYBN,0.030671505016230068,0.02880928020962911,0.027395130245327883,0.026720717803016367,0.026705076586755392,0.026962696619289118,0.029137745751109608,0.02949013315275396,0.031601697347985784,0.03445391913675208,0.037480954519023404,0.0421392767501601,0.046182991189394895,0.05432654443209505,0.06584492010098707,0.08135824641724142,0.0829895332661068,0.059090674890879526,0.04773423181386585,0.044660272782811594,0.04253398744286356,0.03757848210276832,0.03399204322128089,0.032139939201672324
10,1,LZ_RAYBN,0.03282581704058614,0.030331945268369433,0.028830009300002995,0.026559685986995474,0.026807428002396126,0.027848718660876983,0.030749042177110372,0.03241839755432179,0.03632420526587266,0.038536464044020655,0.039382270768474434,0.04218194909095132,0.04474356282050413,0.04990453222726845,0.05937872883184799,0.0754974437088528,0.07551002435807237,0.05620453425952718,0.05085872608346002,0.04859420922393846,0.04173969088377125,0.03830614138907786,0.03487646286337511,0.03159001019032587
10,2,LZ_RAYBN,0.028314640767458713,0.026557143011648153,0.024356215052833086,0.025901010516145545,0.027718894092283952,0.03082110295151469,0.03487145931798272,0.03586647343204162,0.03619093455619126,0.03696333228784749,0.03889477725743827,0.041736515936448886,0.04390319522104815,0.051327045997772026,0.06012264630492856,0.07253508686545318,0.073386797316346,0.05795596702032929,0.05279252874184791,0.04967049170280803,0.04344714708543782,0.039181384583770455,0.03473987230652203,0.03274533767390215
10,3,LZ_RAYBN,0.028155529601652133,0.02504022576554268,0.023484662412677087,0.023467118465088376,0.024814660725116414,0.02966681537250813,0.03592081497484532,0.03542624273805883,0.03520485482801083,0.03592332125307227,0.038590836712631804,0.039969289737459,0.04249311191200624,0.05006457843564796,0.05947899488217986,0.07918836685898174,0.08686676792030702,0.05544555778892792,0.054867442944576156,0.051876617593738975,0.0424814159469471,0.03734772271206037,0.033452130921291165,0.030772919496672498
10,4,LZ_RAYBN,0.025625559496967345,0.02385990275723297,0.022355145138101003,0.02235115585491136,0.023242361719476794,0.02699228791773779,0.032822226371076735,0.03188075553832185,0.03175788561608096,0.03234909738478551,0.032950681289783124,0.03443230106641518,0.03734846707804154,0.04727539936714011,0.057917211203822046,0.1000121274208965,0.12892884554931633,0.071468008342389,0.045897500953438676,0.04280820005138196,0.037535165531316673,0.032925149877369435,0.029319635730573387,0.027944928743423664
10,5,LZ_RAYBN,0.026460962130299016,0.0244484899781224,0.0232732262741553,0.022671404448473282,0.023883395143189354,0.027161279067535092,0.03709092183912076,0.035110168451681883,0.03257934490734365,0.03333725644370879,0.034573453564145776,0.03586474117070622,0.03943894513404934,0.04857311467418569,0.06030488410547658,0.10090573767412975,0.11253149965484975,0.062419190186548075,0.045348651827292995,0.046538940209293764,0.03801160072085066,0.032666988862540054,0.029691267907538132,0.027114535624763673
10,6,LZ_RAYBN,0.03200077506384479,0.028868951073006216,0.02749843789800943,0.027275280470785965,0.0282386674127019,0.03222284391825253,0.03846580901643091,0.03756338215219553,0.03751113065704077,0.037642847967743406,0.039352995861246146,0.04108926950232627,0.04290609753176999,0.04821289000842554,0.05400736310652555,0.07324353333318818,0.07020314945887043,0.05050542435834074,0.04887909657164876,0.04998073226116167,0.04291262896866434,0.03921692425928062,0.037254227472529856,0.034947541676010246
10,7,LZ_RAYBN,0.029595728728183304,0.026151476386608485,0.024727175141908815,0.023516836401186944,0.02356216744016529,0.024661898445779994,0.02850778379270297,0.03007895760369248,0.032802446425511576,0.03473989503144614,0.0366963826737516,0.0394307509449255,0.04152051184182731,0.04497292377041823,0.055535055852373116,0.09230668805082878,0.10401660203971541,0.07159946944551979,0.049992883026880396,0.04691943858414846,0.039433470807264205,0.03640898388662889,0.03291668064373701,0.029905793034795194
11,1,LZ_RAYBN,0.034410554074819556,0.03178755468501081,0.029667757329643184,0.029901722761544545,0.03159826606925141,0.034135438943840066,0.037663731713367656,0.03929678691392541,0.04279803845263022,0.04460862521206791,0.042919136138488724,0.042457083803125725,0.042711036231722184,0.042399474224416346,0.042800389864006125,0.0447979138278273,0.04570085579617026,0.069813403750266,0.05879939286558274,0.04857428049751161,0.04555271687948899,0.04309196487461686,0.03854315956795167,0.03597071552272462
11,2,LZ_RAYBN,0.02576644248405974,0.02399220429626621,0.024205828467157128,0.025624377148738196,0.028173134497988462,0.03432193267786843,0.04978495517575587,0.045175724296434586,0.0427890266630326,0.04214604947872545,0.04274903790197913,0.0426964211111193,0.042699578118570884,0.04549352971322797,0.04766555083992183,0.04932929376690972,0.050512119225438745,0.071604086009511,0.0606755785479239,0.049654465534423486,0.04497683282698441,0.041661975002814995,0.03626980627549941,0.03203204993964854
11,3,LZ_RAYBN,0.024475146742848918,0.022758645524493155,0.02214185003559501,0.023472392400119297,0.02631168301143934,0.03469197621089974,0.06774685900590666,0.06042933767429321,0.04854863774068183,0.04382479684067748,0.04249794786231426,0.04065310147486143,0.040844234208696636,0.04113508836888064,0.04265122338799853,0.04228834819767373,0.045121175383211906,0.06800170265102026,0.06153366013645216,0.050541219574577315,0.04463549510303163,0.03970390123146728,0.03414627840560213,0.03184529882725756
11,4,LZ_RAYBN,0.030714129430961752,0.02865621070557088,0.027121119325016717,0.02719141543860821,0.029770404105995997,0.0360680571823736,0.06265492604409499,0.05495486550156716,0.04802366870144626,0.04460288407380038,0.0420924341171643,0.039838564975137145,0.03920238514713416,0.03973312080474991,0.039047733697232884,0.040275279580824275,0.04351944522307154,0.06671716270826322,0.05866386419493816,0.04786023023734604,0.04424964610300314,0.040241010225448424,0.035480205932464766,0.03332123654378613
11,5,LZ_RAYBN,0.032545981513540545,0.030090908330615285,0.028929348346263824,0.029702482671848156,0.03006024314702841,0.03534394720384635,0.05357950971017686,0.04779958722804397,0.04430654404310225,0.04584909570232099,0.04443570951336213,0.04289222860615591,0.044458011465061675,0.0434943813020437,0.04144817723361016,0.041466762193359784,0.04406493956635714,0.062032878652293066,0.05447437552212122,0.04657948462048119,0.04250101520342633,0.04161822961531922,0.03710487214012317,0.03522128646949883
11,6,LZ_RAYBN,0.03205666979540249,0.030106737443335207,0.029039999055018813,0.029641515931565197,0.03135065980586089,0.035355017622990675,0.05828262388567182,0.05334237123041096,0.04525914746340697,0.0438834729149308,0.042101638179421044,0.04171910252228203,0.04104852932758228,0.041167560612820314,0.0423097157696463,0.043035715746021774,0.0461596055066962,0.06253776517399012,0.05274267162539493,0.046368591732686634,0.041717285250751676,0.03990183099193042,0.03641993873977672,0.03445183367240592
11,7,LZ_RAYBN,0.03492182627939448,0.03234013432745214,0.02955976578237187,0.029459323726952136,0.031017831224234134,0.03380702984012053,0.040841284996054064,0.04503998366436902,0.050491448628303695,0.05420670091998301,0.047532271149399286,0.04458302750015177,0.041663585339874944,0.040461591951390465,0.04061611819049774,0.0425686675975033,0.0446834695555715,0.06096280884552344,0.05247159200657841,0.04681593165525196,0.042190078311690464,0.041003537547116706,0.03748585808972456,0.03527613287049046
12,1,LZ_RAYBN,0.033988185846151577,0.03138536286198519,0.030619664671934128,0.03061323794851643,0.03202987141044544,0.03385414275772537,0.038627362050381836,0.039595042976417597,0.045450706113282925,0.047760654130271515,0.045025624264369686,0.04249992196121564,0.03986129294657923,0.038272974159063236,0.03768446991467147,0.03744576304487138,0.040550788558963345,0.06846113025866643,0.06088035093582274,0.05221253725204323,0.049561972893916825,0.04524872337729823,0.04033687047948865,0.038033349185917754
12,2,LZ_RAYBN,0.03204475229283953,0.029897465020502514,0.029289320353618233,0.03013356824411641,0.03274411865975646,0.03797863444692372,0.06682615558665836,0.0616694465436366,0.05024616444052925,0.04801033845933702,0.043219410546838304,0.040277957885981805,0.037919608641020244,0.0368374688661232,0.0360093189226896,0.03568646565100544,0.0377818817605788,0.06254320733708651,0.054390491479267174,0.046143870930237744,0.04241809051517901,0.03976192924952264,0.03548971296466052,0.03268062120189061
